Date,Open,High,Low,Close,Adj Close,Volume
2008-01-02,1055.0999755859375,1089.9000244140625,1055.0999755859375,1084.6500244140625,969.826171875,204568
2008-01-03,1080.5,1099.0,1070.0,1087.300048828125,972.19580078125,1188052
2008-01-04,1109.0,1200.0,1090.0,1112.5,994.7280883789062,603740
2008-01-07,1101.199951171875,1144.699951171875,1090.0,1135.75,1015.5167846679688,252597
2008-01-08,1179.8499755859375,1179.8499755859375,1121.5,1150.5999755859375,1028.7945556640625,331354
2008-01-09,1164.9000244140625,1183.0,1129.0,1168.8499755859375,1045.1126708984375,374986
2008-01-10,1179.8499755859375,1208.4000244140625,1128.0999755859375,1142.199951171875,1021.2838745117188,407138
2008-01-11,1125.0999755859375,1200.0,1122.0,1196.050048828125,1069.4332275390625,683262
2008-01-14,1205.6500244140625,1224.9000244140625,1180.1500244140625,1205.550048828125,1077.9273681640625,508973
2008-01-15,1200.0,1225.0,1167.0,1176.0,1051.5054931640625,336936
2008-01-16,1160.0,1165.0,1094.199951171875,1127.5999755859375,1008.2293701171875,462689
2008-01-17,1136.0,1137.0,1077.199951171875,1085.75,970.8096313476562,455141
2008-01-18,1050.0,1080.0,982.0,1005.75,899.2789916992188,870594
2008-01-21,1000.0,1004.7000122070312,880.2000122070312,903.7000122070312,808.0320434570312,839861
2008-01-22,850.0,895.0,740.0,867.7000122070312,775.8430786132812,621433
2008-01-23,889.0,970.0,875.0,923.7000122070312,825.914794921875,408426
2008-01-24,950.0,964.0,872.0,892.5499877929688,798.0624389648438,558285
2008-01-25,914.0,950.0,910.0999755859375,945.0999755859375,845.04931640625,235398
2008-01-28,940.1500244140625,940.1500244140625,879.0,892.5,798.0177612304688,278953
2008-01-29,905.0,924.9500122070312,868.5499877929688,883.2000122070312,789.7023315429688,324599
2008-01-30,894.3499755859375,903.9000244140625,851.0,862.2000122070312,770.9253540039062,796171
2008-01-31,859.9000244140625,870.0,804.0,812.5499877929688,726.5313720703125,522563
2008-02-01,870.0,870.0,785.0999755859375,813.5499877929688,727.4256591796875,1163429
2008-02-04,830.0,894.5,830.0,883.0,789.5234375,1167643
2008-02-05,883.0,901.0,873.0999755859375,890.0499877929688,795.8270263671875,786578
2008-02-06,860.0,874.5,834.0,869.8499755859375,777.7654418945312,610812
2008-02-07,861.0,890.0,832.6500244140625,844.8499755859375,755.4119873046875,421062
2008-02-08,847.0,855.0,797.0,816.7000122070312,730.2421264648438,877542
2008-02-11,825.0,825.0,754.0,795.5499877929688,711.3311157226562,841374
2008-02-12,808.0,818.4000244140625,783.0,792.9000244140625,708.9617309570312,392371
2008-02-13,795.0,819.8499755859375,794.0,815.0,728.7221069335938,803953
2008-02-14,847.9000244140625,877.0,825.0,864.8499755859375,773.2947387695312,724543
2008-02-15,858.0,891.9000244140625,830.1500244140625,878.9500122070312,785.9021606445312,1019335
2008-02-18,899.0,899.0,855.1500244140625,859.7999877929688,768.7794189453125,358346
2008-02-19,865.0,874.8499755859375,834.0,842.4500122070312,753.2662963867188,294739
2008-02-20,840.0,840.0,812.2999877929688,814.7999877929688,728.543212890625,263148
2008-02-21,825.0,843.7000122070312,802.6500244140625,835.7999877929688,747.3201293945312,530101
2008-02-22,829.0,839.7000122070312,816.25,828.9000244140625,741.1506958007812,280615
2008-02-25,839.9000244140625,845.0,815.5499877929688,834.2000122070312,745.889404296875,321202
2008-02-26,842.0,845.0,826.1500244140625,832.5999755859375,744.4588623046875,301034
2008-02-27,849.7999877929688,850.0,818.2999877929688,824.9000244140625,737.5740966796875,494818
2008-02-28,825.0,834.9000244140625,801.5999755859375,805.3499755859375,720.0935668945312,366491
2008-02-29,820.0,820.0,772.0,780.5499877929688,697.9189453125,803497
2008-03-03,761.0,770.0,705.0499877929688,714.7000122070312,639.0400390625,634172
2008-03-04,725.0,725.0,669.0,678.1500244140625,606.359375,723570
2008-03-05,678.1500244140625,689.0,640.5,681.3499755859375,609.2205200195312,1395035
2008-03-07,668.0,681.0,643.0,657.7000122070312,588.0742797851562,848193
2008-03-10,649.7999877929688,688.0,610.0,680.3499755859375,608.3264770507812,726828
2008-03-11,670.0,756.0,661.0,749.0999755859375,669.79833984375,1058264
2008-03-12,760.0,794.4500122070312,701.0,712.7000122070312,637.2517700195312,943012
2008-03-13,690.0,711.9500122070312,596.5499877929688,606.75,542.5179443359375,2363426
2008-03-14,625.5,658.7999877929688,610.0,654.25,584.989501953125,2886122
2008-03-17,628.0999755859375,628.0999755859375,595.0,602.7999877929688,538.9860229492188,1324970
2008-03-18,605.0,646.0999755859375,601.0,634.75,567.5537719726562,2392269
2008-03-19,660.0999755859375,680.0,618.5,623.0,557.0476684570312,1191563
2008-03-24,635.75,639.0,580.2000122070312,598.0999755859375,534.7836303710938,1208959
2008-03-25,604.5,688.0,604.5,678.6500244140625,606.806396484375,3366917
2008-03-26,685.0,687.7999877929688,654.0,657.7999877929688,588.1636962890625,1203609
2008-03-27,645.0,680.0,644.0999755859375,674.0499877929688,602.693359375,1640650
2008-03-28,685.0,703.0,668.5499877929688,695.7000122070312,622.0514526367188,1332444
2008-03-31,682.0,691.0,641.0,646.5,578.06005859375,945526
2008-04-01,650.0,664.7999877929688,622.0,627.0,560.6242065429688,1372248
2008-04-02,654.0,663.4000244140625,616.2000122070312,621.7999877929688,555.9747314453125,981661
2008-04-03,628.0,634.7000122070312,616.0,623.75,557.71826171875,1029181
2008-04-04,605.1500244140625,629.5,604.0,607.75,543.4120483398438,926873
2008-04-07,615.0,629.0,604.0999755859375,617.7999877929688,552.3981323242188,766209
2008-04-08,616.0999755859375,635.75,613.0,615.5999755859375,550.4310302734375,858885
2008-04-09,615.0,627.4500122070312,608.5999755859375,610.0,545.423828125,718300
2008-04-10,610.0,617.9000244140625,595.5499877929688,600.0499877929688,536.5272216796875,1068206
2008-04-11,609.4000244140625,611.0,596.0,598.0,534.6941528320312,823002
2008-04-15,588.0,625.7000122070312,586.0,617.2999877929688,551.9511108398438,1296088
2008-04-16,620.0,636.5,618.1500244140625,622.0,556.1535034179688,1012850
2008-04-17,637.0,651.9000244140625,630.1500244140625,648.5999755859375,579.9375610351562,1407265
2008-04-21,658.0,667.0,646.0,651.25,582.3070678710938,730661
2008-04-22,647.0,682.0999755859375,645.0,674.4000244140625,603.0064086914062,1399909
2008-04-23,674.4000244140625,692.0,673.0,684.3499755859375,611.9030151367188,1008586
2008-04-24,692.0,697.7000122070312,671.5999755859375,674.75,603.3192749023438,652467
2008-04-25,675.0,682.0,654.0,668.1500244140625,597.4180297851562,739789
2008-04-28,672.0,680.9000244140625,665.2000122070312,668.5499877929688,597.775634765625,640090
2008-04-29,670.25,729.9000244140625,668.0,725.8499755859375,649.0097045898438,1976608
2008-04-30,731.0,736.0,702.0,705.25,630.5905151367188,1590814
2008-05-02,721.0,726.7999877929688,710.0,720.1500244140625,643.9132080078125,894768
2008-05-05,725.0,739.0,701.2000122070312,705.0499877929688,630.41162109375,1653690
2008-05-06,708.0,711.4500122070312,659.0,667.9500122070312,597.2391967773438,2238655
2008-05-07,670.0,674.0,644.1500244140625,651.0,582.0834350585938,1801262
2008-05-08,645.0,662.7999877929688,635.0999755859375,643.7999877929688,575.645751953125,1723068
2008-05-09,647.0,656.9000244140625,625.0,630.4000244140625,563.664306640625,1180002
2008-05-12,630.0,635.0,607.75,621.9000244140625,556.0641479492188,1723959
2008-05-13,630.0,639.0,612.1500244140625,615.0,549.8945922851562,1507106
2008-05-14,615.0,627.9000244140625,611.0,622.9500122070312,557.0029296875,708782
2008-05-15,625.0,646.9000244140625,625.0,643.8499755859375,575.6904296875,1316591
2008-05-16,653.0,656.7000122070312,638.0999755859375,649.2000122070312,580.47412109375,1786449
2008-05-20,649.9000244140625,654.9000244140625,630.0,636.5499877929688,569.1632690429688,784368
2008-05-21,630.0,645.4000244140625,618.5499877929688,634.5,567.330322265625,1443877
2008-05-22,624.5,630.0,618.7999877929688,620.7000122070312,554.9912109375,1072947
2008-05-23,624.7000122070312,627.7999877929688,608.0,609.75,545.2003173828125,942796
2008-05-26,604.0,609.9000244140625,595.0999755859375,601.25,537.6001586914062,757420
2008-05-27,608.7000122070312,614.9000244140625,591.0,596.4500122070312,533.3082885742188,910538
2008-05-28,601.0,606.7000122070312,590.0,603.5499877929688,539.6566162109375,1007102
2008-05-29,610.0,611.4000244140625,585.0999755859375,589.0999755859375,526.7363891601562,722435
2008-05-30,599.0,603.0,584.0,587.4500122070312,525.2611083984375,827589
2008-06-02,595.0,596.7000122070312,561.0499877929688,567.6500244140625,507.5570983886719,1138387
2008-06-03,559.9500122070312,588.0,550.0,582.4500122070312,520.7903442382812,1715400
2008-06-04,587.0,589.7000122070312,551.0999755859375,555.0999755859375,496.3357238769531,835227
2008-06-05,558.9500122070312,564.9000244140625,522.0999755859375,538.4500122070312,481.4483337402344,1656377
2008-06-06,542.4500122070312,548.0,517.0,519.9500122070312,464.90679931640625,1350214
2008-06-09,500.04998779296875,505.0,475.0,481.54998779296875,430.5719909667969,1798004
2008-06-10,476.0,491.8999938964844,470.20001220703125,479.8500061035156,429.0518493652344,1333677
2008-06-11,485.0,522.9000244140625,481.0,511.20001220703125,457.0831298828125,3190648
2008-06-12,489.8999938964844,502.8999938964844,472.5,497.70001220703125,445.0122985839844,4491116
2008-06-13,499.79998779296875,499.79998779296875,476.95001220703125,479.75,428.96246337890625,2156326
2008-06-16,490.0,498.29998779296875,486.70001220703125,491.20001220703125,439.2003479003906,1040744
2008-06-17,488.0,508.3999938964844,488.0,505.8999938964844,452.3441467285156,1717154
2008-06-18,510.0,518.7000122070312,490.25,492.3500061035156,440.2286376953125,1389776
2008-06-19,482.0,488.0,476.3500061035156,478.20001220703125,427.5765380859375,945586
2008-06-20,479.0,484.0,452.5,456.3500061035156,408.03961181640625,1343019
2008-06-23,451.04998779296875,463.0,438.6000061035156,446.25,399.0088806152344,1196628
2008-06-24,446.25,456.5,432.0,439.8500061035156,393.2864074707031,1029540
2008-06-25,418.0,465.70001220703125,418.0,458.29998779296875,409.783203125,1994222
2008-06-26,462.0,463.5,442.0,449.8500061035156,402.2277526855469,1390410
2008-06-27,425.0,442.1000061035156,420.0,424.20001220703125,379.29315185546875,1236360
2008-06-30,428.70001220703125,428.70001220703125,389.0,396.20001220703125,354.25726318359375,1396526
2008-07-01,398.0,398.95001220703125,361.0,368.3999938964844,329.4002685546875,1127133
2008-07-02,370.0,439.8999938964844,350.29998779296875,423.95001220703125,379.06964111328125,3592953
2008-07-03,414.0,428.79998779296875,375.04998779296875,381.8500061035156,341.4264221191406,2721839
2008-07-04,385.0,423.3999938964844,376.54998779296875,414.54998779296875,370.66473388671875,3508171
2008-07-07,417.0,435.75,415.0,426.0,380.902587890625,1734696
2008-07-08,418.0,434.70001220703125,395.0,429.6499938964844,384.16619873046875,2189539
2008-07-09,438.0,457.0,438.0,450.29998779296875,402.630126953125,2109553
2008-07-10,460.0,475.0,442.0,458.3500061035156,409.8279724121094,3999330
2008-07-11,462.5,467.8999938964844,447.1000061035156,452.79998779296875,404.865478515625,2055602
2008-07-14,448.0,462.95001220703125,438.6000061035156,455.79998779296875,407.5478210449219,1357504
2008-07-15,445.1000061035156,449.5,423.5,426.95001220703125,381.7520446777344,914735
2008-07-16,422.0,437.0,386.20001220703125,393.95001220703125,352.24554443359375,2229130
2008-07-17,404.0,439.0,404.0,427.20001220703125,381.9755554199219,2060512
2008-07-18,431.1499938964844,463.3999938964844,422.29998779296875,457.04998779296875,408.6655578613281,2450540
2008-07-21,462.3500061035156,467.1000061035156,441.1000061035156,463.3999938964844,414.34332275390625,1235497
2008-07-22,462.0,470.0,447.8999938964844,454.1499938964844,406.072509765625,1682494
2008-07-23,460.0,500.0,460.0,495.54998779296875,443.0898132324219,1745092
2008-07-24,500.0,518.0,493.1000061035156,507.20001220703125,453.5065612792969,1782937
2008-07-25,499.0,506.20001220703125,485.3500061035156,490.75,438.7980041503906,1412652
2008-07-28,488.0,508.79998779296875,480.0,499.45001220703125,446.57696533203125,1297651
2008-07-29,492.29998779296875,494.79998779296875,465.6499938964844,471.8999938964844,421.9434509277344,1427507
2008-07-30,480.0,496.8999938964844,476.8999938964844,490.70001220703125,438.7533264160156,1223317
2008-07-31,494.79998779296875,517.0,491.1499938964844,509.29998779296875,455.3842468261719,1970946
2008-08-01,495.0,525.0,480.0,520.1500244140625,465.0856628417969,2590302
2008-08-04,513.0,524.8499755859375,508.0,513.7999877929688,459.40789794921875,1840706
2008-08-05,513.0,564.0,509.0,553.1500244140625,494.5921630859375,3282256
2008-08-06,561.0,572.7999877929688,541.0,544.5999755859375,486.94720458984375,2395280
2008-08-07,547.0,560.7000122070312,535.0,554.8499755859375,496.1121826171875,2009803
2008-08-08,554.0499877929688,555.0,536.25,548.4500122070312,490.3896179199219,1393888
2008-08-11,558.0,571.0,557.4000244140625,568.0499877929688,507.9148254394531,1062066
2008-08-12,574.0,576.0,556.0,567.25,507.19952392578125,1108199
2008-08-13,564.0,565.0,546.5,548.5999755859375,490.523681640625,1033029
2008-08-14,545.2000122070312,548.0,499.0,501.1000061035156,448.0523376464844,2214274
2008-08-18,498.0,509.3999938964844,490.0,500.75,447.7393798828125,1093017
2008-08-19,495.0,504.0,488.0,500.3999938964844,447.4264221191406,1088503
2008-08-20,502.0,514.5,500.0,509.8999938964844,455.9206848144531,744714
2008-08-21,509.0,509.0,480.04998779296875,481.6000061035156,430.6166687011719,1043192
2008-08-22,475.0,488.8500061035156,472.0,483.95001220703125,432.7178955078125,1081456
2008-08-25,489.70001220703125,506.70001220703125,489.70001220703125,495.20001220703125,442.77685546875,781751
2008-08-26,485.0,501.70001220703125,480.0,498.04998779296875,445.3252258300781,787389
2008-08-27,499.0,504.0,474.1499938964844,478.20001220703125,427.5765380859375,1094938
2008-08-28,476.20001220703125,482.0,460.5,468.25,418.6798400878906,1707166
2008-08-29,471.3500061035156,497.79998779296875,470.0,493.29998779296875,441.07806396484375,1437938
2008-09-01,487.0,497.0,480.0,494.54998779296875,442.19573974609375,739179
2008-09-02,496.5,545.9000244140625,491.0,529.8499755859375,473.7587890625,2590913
2008-09-04,523.0,531.0,506.5,522.75,467.4103088378906,1675119
2008-09-05,515.0,516.0,491.1499938964844,494.45001220703125,442.1063537597656,1646151
2008-09-08,505.0,523.7000122070312,505.0,512.0499877929688,457.84307861328125,1094869
2008-09-09,507.0,508.8500061035156,499.1000061035156,503.8500061035156,450.5111999511719,927257
2008-09-10,500.0,513.0,496.29998779296875,502.0,448.8570251464844,1287211
2008-09-11,494.0,499.0,479.0,485.54998779296875,434.1484680175781,1203985
2008-09-12,492.5,495.0,463.0,467.8999938964844,418.36688232421875,1659652
2008-09-15,450.0,455.95001220703125,422.5,432.6000061035156,386.80389404296875,1472789
2008-09-16,410.0,427.8999938964844,400.04998779296875,422.6000061035156,377.862548828125,2514782
2008-09-17,428.0,431.54998779296875,405.0,408.70001220703125,365.43402099609375,1509977
2008-09-18,391.75,405.0,365.0,396.1000061035156,354.16790771484375,2203567
2008-09-19,415.0,438.70001220703125,407.0,426.8999938964844,383.6444091796875,3150261
2008-09-22,433.0,440.8999938964844,411.20001220703125,420.8999938964844,378.25238037109375,2009469
2008-09-23,407.0,409.0,391.0,394.6000061035156,354.6172790527344,3079017
2008-09-24,394.6000061035156,411.0,394.6000061035156,400.25,359.6947326660156,2891787
2008-09-25,400.1000061035156,406.0,386.04998779296875,389.0,349.5846252441406,1592349
2008-09-26,388.0,388.0,368.0,369.5,332.0604248046875,1447385
2008-09-29,369.5,375.0,329.0,350.6000061035156,315.0755310058594,2624950
2008-09-30,337.29998779296875,367.0,330.0,352.3999938964844,316.693115234375,3189659
2008-10-01,352.3999938964844,363.79998779296875,342.54998779296875,345.25,310.2676086425781,2440659
2008-10-03,342.0,350.25,333.5,336.3999938964844,302.3143005371094,1956991
2008-10-06,331.0,331.0,298.0,301.6499938964844,271.0853271484375,2356478
2008-10-07,305.5,318.0,292.1499938964844,302.8999938964844,272.20867919921875,2599790
2008-10-08,290.0,315.0,279.0,308.79998779296875,277.5108642578125,2450784
2008-10-10,290.0,304.70001220703125,279.0,281.6499938964844,253.11180114746094,2152645
2008-10-13,290.0,307.0,287.1000061035156,301.3500061035156,270.8157653808594,1654126
2008-10-14,306.0,329.5,303.54998779296875,310.6000061035156,279.1285400390625,1901919
2008-10-15,303.1000061035156,311.0,296.0,300.1499938964844,269.7373352050781,1425820
2008-10-16,285.0,354.79998779296875,279.79998779296875,324.8999938964844,291.9795227050781,3232400
2008-10-17,317.0,335.79998779296875,285.0,291.29998779296875,261.7840270996094,2837645
2008-10-20,291.3500061035156,305.0,266.29998779296875,272.6499938964844,245.0237579345703,2599044
2008-10-21,276.1000061035156,292.79998779296875,274.0,286.29998779296875,257.2906799316406,2312562
2008-10-22,283.0,285.8999938964844,270.0,271.8500061035156,244.30482482910156,1583769
2008-10-23,265.0,278.0,257.0,268.1499938964844,240.97975158691406,1761883
2008-10-24,262.0,262.75,194.1999969482422,203.89999389648438,183.23983764648438,2588810
2008-10-27,192.5,213.89999389648438,158.0,198.10000610351562,178.02755737304688,3745458
2008-10-29,229.0,232.0,199.5,202.4499969482422,181.936767578125,2220176
2008-10-31,207.1999969482422,225.5500030517578,207.0,220.25,197.9331817626953,2876594
2008-11-03,230.0,256.79998779296875,229.0,253.0500030517578,227.4097442626953,2531425
2008-11-04,248.14999389648438,300.79998779296875,240.5,290.1499938964844,260.75054931640625,4236060
2008-11-05,301.1000061035156,309.75,259.79998779296875,264.6499938964844,237.8343963623047,3997671
2008-11-06,252.1999969482422,291.5,244.1999969482422,271.1499938964844,243.67578125,4577963
2008-11-07,272.54998779296875,287.0,255.0,280.8999938964844,252.4378204345703,3701390
2008-11-10,285.0,300.0,277.29998779296875,297.8999938964844,267.7153015136719,2701634
2008-11-11,294.8999938964844,295.0,265.0,267.6499938964844,240.53036499023438,2133149
2008-11-12,267.6499938964844,267.6499938964844,238.1999969482422,244.60000610351562,219.81594848632812,3002260
2008-11-14,248.0,259.70001220703125,233.75,240.89999389648438,216.49082946777344,2728570
2008-11-17,242.0,246.89999389648438,218.0,231.4499969482422,207.9983673095703,2867023
2008-11-18,227.0,234.6999969482422,219.14999389648438,224.10000610351562,201.3931121826172,3018204
2008-11-19,220.25,240.89999389648438,220.25,224.39999389648438,201.66268920898438,3219432
2008-11-20,221.0,221.0,201.5,205.1999969482422,184.40814208984375,3028032
2008-11-21,200.0,214.8000030517578,180.0,198.1999969482422,178.11740112304688,7185110
2008-11-24,200.0,200.0,184.10000610351562,190.64999389648438,171.3323974609375,3540682
2008-11-25,194.0,199.10000610351562,185.0,188.1999969482422,169.13064575195312,5174914
2008-11-26,190.0,199.5,185.0500030517578,198.60000610351562,178.4768829345703,4230055
2008-11-28,197.5,202.64999389648438,193.0,198.25,178.162353515625,2831738
2008-12-01,200.0,207.39999389648438,175.0,178.5,160.41351318359375,5216348
2008-12-02,175.0,184.9499969482422,167.5,182.0,163.55889892578125,5207797
2008-12-03,185.0,194.8000030517578,175.64999389648438,191.89999389648438,172.45574951171875,7408683
2008-12-04,193.89999389648438,216.4499969482422,190.0500030517578,213.5500030517578,191.91207885742188,6501867
2008-12-05,214.10000610351562,221.39999389648438,200.1999969482422,203.14999389648438,182.56582641601562,5887901
2008-12-08,205.0,227.25,205.0,220.85000610351562,198.47239685058594,7621411
2008-12-10,222.25,272.5,222.25,262.6499938964844,236.03704833984375,11429560
2008-12-11,266.0,270.0,244.60000610351562,256.6499938964844,230.6449737548828,9037203
2008-12-12,245.0,284.5,236.89999389648438,276.5,248.483642578125,7949953
2008-12-15,280.0,293.3999938964844,277.70001220703125,280.8500061035156,252.39292907714844,6779260
2008-12-16,279.8999938964844,283.5,269.1000061035156,277.1499938964844,249.06784057617188,4116389
2008-12-17,282.0,284.0,251.14999389648438,253.1999969482422,227.54457092285156,3501708
2008-12-18,249.0,281.1000061035156,239.4499969482422,277.3999938964844,249.29244995117188,7240477
2008-12-19,275.0,314.70001220703125,274.25,307.3500061035156,276.2078552246094,10028950
2008-12-22,309.0,325.79998779296875,304.04998779296875,315.75,283.7567138671875,6835030
2008-12-23,310.0,316.79998779296875,298.0,301.8500061035156,271.26513671875,6455810
2008-12-24,295.0,302.8999938964844,286.79998779296875,293.95001220703125,264.1655578613281,4823467
2008-12-26,293.0,303.79998779296875,274.5,276.3999938964844,248.39382934570312,6128727
2008-12-29,275.0,281.1000061035156,260.0,276.54998779296875,248.528564453125,5984229
2008-12-30,278.0,289.45001220703125,274.5,285.29998779296875,256.3919982910156,5007142
2008-12-31,287.0,292.70001220703125,278.20001220703125,281.8999938964844,253.33653259277344,5232748
2009-01-02,294.20001220703125,308.3999938964844,292.1499938964844,300.6000061035156,270.1417236328125,5413453
2009-01-05,305.0,310.0,292.25,295.79998779296875,265.8280944824219,4888947
2009-01-06,294.5,295.6499938964844,272.1499938964844,279.79998779296875,251.4492645263672,4502996
2009-01-07,280.0,282.0,231.0,234.60000610351562,210.82919311523438,5574470
2009-01-09,231.10000610351562,233.0,145.0,217.60000610351562,195.55174255371094,18872200
2009-01-12,212.0,218.4499969482422,191.0,205.75,184.90240478515625,7870008
2009-01-13,200.0,214.85000610351562,192.39999389648438,205.10000610351562,184.31826782226562,6983680
2009-01-14,210.35000610351562,214.8000030517578,205.0,211.75,190.29444885253906,3274215
2009-01-15,200.0,205.0,194.10000610351562,202.3000030517578,181.8019561767578,3622360
2009-01-16,203.5,208.10000610351562,185.5,195.1999969482422,175.42137145996094,4963337
2009-01-19,196.5,199.85000610351562,187.10000610351562,195.14999389648438,175.37646484375,4717906
2009-01-20,190.0,191.9499969482422,183.0,189.39999389648438,170.20907592773438,2992515
2009-01-21,185.0,187.0,178.39999389648438,181.0,162.66018676757812,2030917
2009-01-22,185.0,185.0,156.39999389648438,164.0500030517578,147.4276580810547,5755653
2009-01-23,164.0500030517578,166.5,156.64999389648438,161.0,144.6866912841797,4003549
2009-01-27,163.25,169.0,159.35000610351562,166.64999389648438,149.76419067382812,2864009
2009-01-28,169.0,180.1999969482422,164.0,177.6999969482422,159.694580078125,3469514
2009-01-29,180.0,185.5,161.89999389648438,165.0,148.2814178466797,4408052
2009-01-30,160.0,179.25,158.0,177.1999969482422,159.24522399902344,5826971
2009-02-02,165.0,165.0,141.8000030517578,153.1999969482422,137.67701721191406,8824182
2009-02-03,150.0,158.6999969482422,131.25,132.89999389648438,119.43390655517578,13035230
2009-02-04,133.75,141.89999389648438,124.1500015258789,139.75,125.58984375,12395990
2009-02-05,140.0,141.85000610351562,131.14999389648438,139.35000610351562,125.23037719726562,5736884
2009-02-06,140.10000610351562,146.8000030517578,135.1999969482422,138.14999389648438,124.15196228027344,6116595
2009-02-09,140.0,142.5,137.39999389648438,139.85000610351562,125.6797103881836,3851052
2009-02-10,140.0,154.5,139.0,152.5,137.04795837402344,9444875
2009-02-11,150.0,153.64999389648438,146.25,150.85000610351562,135.56515502929688,5892639
2009-02-12,145.10000610351562,160.5,145.10000610351562,156.25,140.41799926757812,7290341
2009-02-13,157.89999389648438,162.8000030517578,155.35000610351562,160.60000610351562,144.3272247314453,4792650
2009-02-16,163.0,167.6999969482422,151.4499969482422,155.9499969482422,140.14837646484375,9194523
2009-02-17,152.0,152.0,144.3000030517578,147.85000610351562,132.86911010742188,3969753
2009-02-18,144.89999389648438,162.8000030517578,142.10000610351562,158.6999969482422,142.61972045898438,8796462
2009-02-19,158.89999389648438,162.9499969482422,155.0500030517578,156.35000610351562,140.5078887939453,5489248
2009-02-20,155.0,157.89999389648438,147.5,155.0500030517578,139.33956909179688,5183400
2009-02-24,150.0,158.5,145.8000030517578,157.35000610351562,141.40655517578125,6066400
2009-02-25,160.0,162.5,153.0,154.60000610351562,138.93521118164062,7221859
2009-02-26,153.1999969482422,156.39999389648438,146.1999969482422,155.0500030517578,139.33956909179688,6480987
2009-02-27,153.5,156.0,150.0,151.6999969482422,136.32901000976562,3099731
2009-03-02,149.0,151.89999389648438,144.3000030517578,149.0,133.90260314941406,2893908
2009-03-03,145.0,152.25,145.0,148.3000030517578,133.2735137939453,2696133
2009-03-04,149.39999389648438,151.25,146.6999969482422,147.9499969482422,132.958984375,2216451
2009-03-05,149.85000610351562,153.0,142.5500030517578,146.9499969482422,132.06028747558594,3106543
2009-03-06,142.39999389648438,148.3000030517578,141.10000610351562,145.3000030517578,130.57749938964844,2082224
2009-03-09,142.0,145.89999389648438,137.35000610351562,138.6999969482422,124.64622497558594,2323776
2009-03-12,140.0,142.8000030517578,136.0,136.85000610351562,122.98368835449219,2142626
2009-03-13,139.89999389648438,154.10000610351562,139.0,152.5500030517578,137.09288024902344,6230317
2009-03-16,154.5,163.5,152.1999969482422,161.9499969482422,145.54043579101562,4916436
2009-03-17,162.0,167.35000610351562,155.5500030517578,159.10000610351562,142.97923278808594,4656792
2009-03-18,165.0,175.0,160.64999389648438,171.4499969482422,154.07785034179688,6749481
2009-03-19,172.89999389648438,177.39999389648438,169.0500030517578,173.35000610351562,155.7853240966797,4044727
2009-03-20,173.0,174.5,165.5,171.10000610351562,153.76333618164062,3256194
2009-03-23,173.0,174.6999969482422,164.0,167.39999389648438,150.43821716308594,4009499
2009-03-24,168.5,178.25,163.3000030517578,166.3000030517578,149.44969177246094,6061336
2009-03-25,170.35000610351562,178.5,164.14999389648438,176.64999389648438,158.75094604492188,6673998
2009-03-26,179.0,183.5,171.3000030517578,176.10000610351562,158.25668334960938,5577199
2009-03-27,177.0,186.89999389648438,173.35000610351562,182.60000610351562,164.09808349609375,6427687
2009-03-30,178.0,178.25,163.1999969482422,165.5500030517578,148.77565002441406,3168021
2009-03-31,166.0,171.4499969482422,160.39999389648438,167.1999969482422,150.2584686279297,4687457
2009-04-01,168.0,177.8000030517578,165.39999389648438,176.6999969482422,158.79588317871094,4484853
2009-04-02,180.0,209.85000610351562,180.0,203.35000610351562,182.74559020996094,7836130
2009-04-06,210.0,226.0,206.9499969482422,209.60000610351562,188.36231994628906,4944399
2009-04-08,200.0,215.0,190.60000610351562,212.0,190.5191192626953,6850780
2009-04-09,220.0,224.85000610351562,210.0500030517578,222.25,199.73056030273438,6439523
2009-04-13,195.25,236.89999389648438,195.25,233.4499969482422,209.79568481445312,4485244
2009-04-15,229.8000030517578,264.5,224.0,256.79998779296875,230.77978515625,8155823
2009-04-16,260.0,277.5,225.5,234.64999389648438,210.87413024902344,7529171
2009-04-17,236.0,252.35000610351562,226.5500030517578,230.5500030517578,207.18954467773438,5259436
2009-04-20,232.0,240.5,225.10000610351562,230.8000030517578,207.41421508789062,4384060
2009-04-21,220.0,242.6999969482422,218.60000610351562,237.35000610351562,213.30055236816406,6216617
2009-04-22,237.1999969482422,245.5,224.14999389648438,227.14999389648438,204.13404846191406,5096608
2009-04-23,228.0,240.8000030517578,222.75,238.14999389648438,214.0194854736328,4611501
2009-04-24,237.6999969482422,248.0,232.8000030517578,242.10000610351562,217.5692596435547,5324094
2009-04-27,240.10000610351562,251.85000610351562,236.10000610351562,243.85000610351562,219.14193725585938,4905910
2009-04-28,244.0,247.5500030517578,222.85000610351562,224.8000030517578,202.02218627929688,3973162
2009-04-29,229.85000610351562,235.25,226.9499969482422,230.89999389648438,207.50408935546875,3135825
2009-05-04,220.0,241.35000610351562,220.0,233.75,210.0653076171875,6128978
2009-05-05,231.1999969482422,265.5,231.0,260.29998779296875,233.92515563964844,8525414
2009-05-06,267.0,269.25,241.1999969482422,245.9499969482422,221.02915954589844,7483747
2009-05-07,250.0,256.1000061035156,241.0,244.89999389648438,220.0855255126953,8364912
2009-05-08,242.10000610351562,251.5,235.8000030517578,240.39999389648438,216.04150390625,5144053
2009-05-11,232.0500030517578,244.5,226.10000610351562,228.14999389648438,205.03271484375,3411224
2009-05-12,234.8000030517578,238.60000610351562,221.25,236.25,212.31199645996094,5034677
2009-05-13,240.64999389648438,254.89999389648438,229.60000610351562,232.5,208.9419708251953,179850700
2009-05-14,229.39999389648438,251.8000030517578,222.1999969482422,249.1999969482422,223.94984436035156,9236313
2009-05-15,252.0,263.75,251.5,258.1499938964844,231.99295043945312,7193224
2009-05-18,281.6499938964844,329.0,275.0,322.29998779296875,289.6429748535156,71747
2009-05-19,345.0,423.0,304.0,384.70001220703125,345.7203674316406,24075710
2009-05-20,379.79998779296875,381.0,349.5,354.79998779296875,318.8499450683594,8871910
2009-05-21,355.70001220703125,367.0,337.25,341.95001220703125,307.3019714355469,6790886
2009-05-22,339.0,351.0,325.6499938964844,333.95001220703125,300.1125793457031,6391263
2009-05-25,334.0,355.54998779296875,334.0,352.04998779296875,316.37860107421875,5678658
2009-05-26,352.04998779296875,360.5,332.54998779296875,336.8999938964844,302.76361083984375,4261953
2009-05-27,341.25,367.5,340.0,365.5,328.46575927734375,6661602
2009-05-28,365.5,380.70001220703125,362.29998779296875,372.0,334.3071594238281,5945256
2009-05-29,372.0,412.0,371.0,403.29998779296875,362.4356994628906,7400116
2009-06-01,410.0,426.79998779296875,405.0,414.8500061035156,372.8153381347656,4728991
2009-06-02,419.0,426.45001220703125,399.29998779296875,404.75,363.7387390136719,7020736
2009-06-03,410.0,414.25,394.45001220703125,402.8500061035156,362.03125,4013302
2009-06-04,397.0,419.25,389.6499938964844,416.1499938964844,373.98358154296875,4224439
2009-06-05,418.0,425.79998779296875,405.0,408.04998779296875,366.7043762207031,3925352
2009-06-08,408.0,414.0,359.0,365.8500061035156,328.78033447265625,3399745
2009-06-09,365.8500061035156,410.8999938964844,345.0,402.70001220703125,361.89642333984375,6743905
2009-06-10,410.0,416.79998779296875,390.3500061035156,395.79998779296875,355.6955871582031,5068015
2009-06-11,396.0,397.95001220703125,380.5,391.20001220703125,351.5617370605469,3823588
2009-06-12,397.79998779296875,400.0,365.6000061035156,368.5,331.16180419921875,3691790
2009-06-15,365.20001220703125,377.79998779296875,349.79998779296875,352.3999938964844,316.693115234375,4112517
2009-06-16,347.1499938964844,364.0,341.6000061035156,353.29998779296875,317.50189208984375,5683456
2009-06-17,355.0,363.6499938964844,327.5,333.29998779296875,299.52838134765625,4722605
2009-06-18,335.0,340.8500061035156,310.1000061035156,322.29998779296875,289.6429748535156,5744362
2009-06-19,326.0,334.0,315.6000061035156,330.54998779296875,297.05706787109375,4458270
2009-06-22,335.0,341.79998779296875,321.04998779296875,323.04998779296875,290.3169860839844,3613686
2009-06-23,310.0,320.0,304.0,316.3999938964844,284.3407897949219,4563205
2009-06-24,319.25,325.6000061035156,312.20001220703125,320.5,288.0253601074219,4388327
2009-06-25,329.3999938964844,330.79998779296875,314.3500061035156,317.79998779296875,285.5989990234375,3236340
2009-06-26,320.0,327.70001220703125,318.1499938964844,325.54998779296875,292.5636901855469,3738260
2009-06-29,328.1000061035156,345.6000061035156,327.3999938964844,338.0,303.752197265625,4422855
2009-06-30,342.0,344.8500061035156,308.04998779296875,310.79998779296875,279.3082580566406,4499102
2009-07-01,314.8999938964844,328.70001220703125,305.29998779296875,325.6000061035156,292.6086730957031,4923586
2009-07-02,328.0,339.3999938964844,316.20001220703125,335.75,301.73016357421875,5185607
2009-07-03,338.5,339.3999938964844,326.25,337.0,302.8535461425781,3662881
2009-07-06,345.0,357.25,303.1000061035156,309.25,277.9153137207031,7438076
2009-07-07,309.0,316.45001220703125,297.70001220703125,308.1000061035156,276.88177490234375,5512292
2009-07-08,302.8999938964844,303.0,282.04998779296875,284.45001220703125,255.62815856933594,4312902
2009-07-09,284.8999938964844,288.6000061035156,271.54998779296875,278.70001220703125,250.46075439453125,6398485
2009-07-10,284.0,290.8500061035156,274.8999938964844,278.6000061035156,250.37091064453125,4411573
2009-07-13,275.0,275.0,259.20001220703125,269.29998779296875,242.01321411132812,3458517
2009-07-14,270.70001220703125,303.79998779296875,270.70001220703125,300.1000061035156,269.6924133300781,4869028
2009-07-15,305.0,323.70001220703125,303.0,321.6499938964844,289.0588073730469,4836453
2009-07-16,326.0,336.79998779296875,314.0,316.95001220703125,284.8350524902344,3968879
2009-07-17,319.0,338.0,319.0,332.8500061035156,299.1240234375,4514570
2009-07-20,344.0,354.25,333.1000061035156,350.75,315.2102966308594,4310592
2009-07-21,348.1000061035156,354.0,339.1000061035156,343.5,308.6949157714844,3215427
2009-07-22,344.0,367.8999938964844,342.20001220703125,346.20001220703125,311.1213684082031,6202304
2009-07-23,349.8999938964844,374.0,349.8999938964844,369.6499938964844,332.1952819824219,5032963
2009-07-24,376.0,396.79998779296875,373.5,393.6499938964844,353.763427734375,5931822
2009-07-27,395.0,416.3999938964844,391.29998779296875,412.1000061035156,370.343994140625,6846061
2009-07-28,415.0,433.5,415.0,426.1000061035156,382.9254455566406,5617801
2009-07-29,420.1000061035156,424.75,390.0,398.04998779296875,357.7176208496094,5041634
2009-07-30,397.8999938964844,407.0,389.0,402.1000061035156,361.35723876953125,4267437
2009-07-31,403.0,414.8500061035156,390.6000061035156,396.1499938964844,356.01019287109375,4460892
2009-08-03,396.1499938964844,407.5,385.1000061035156,405.6499938964844,364.5475769042969,4217631
2009-08-04,409.0,409.0,393.6000061035156,398.3500061035156,357.9872131347656,3164532
2009-08-05,392.20001220703125,401.45001220703125,385.6499938964844,391.3999938964844,351.741455078125,2670242
2009-08-06,395.0,399.8999938964844,376.0,380.04998779296875,341.5414733886719,4023368
2009-08-07,372.70001220703125,383.29998779296875,366.3999938964844,368.45001220703125,331.1169128417969,4020909
2009-08-10,374.0,383.70001220703125,359.1499938964844,362.8500061035156,326.08428955078125,3391769
2009-08-11,361.0,372.3500061035156,357.29998779296875,362.54998779296875,325.8146667480469,2788500
2009-08-12,358.6000061035156,376.0,350.5,373.1000061035156,335.29571533203125,3899978
2009-08-13,380.0,401.8999938964844,380.0,400.0,359.47003173828125,4050331
2009-08-14,401.0,406.70001220703125,392.6000061035156,395.0,354.9766540527344,3801423
2009-08-17,388.0,389.0,362.1499938964844,364.3999938964844,327.4772033691406,3110128
2009-08-18,365.0,381.3500061035156,360.0,375.1499938964844,337.137939453125,3751527
2009-08-19,379.0,384.3999938964844,368.1000061035156,371.1000061035156,333.49835205078125,3328343
2009-08-20,377.0,382.0,372.75,374.54998779296875,336.59881591796875,1776128
2009-08-21,374.0,383.8999938964844,367.0,382.20001220703125,343.4736633300781,2974406
2009-08-24,385.0,398.3999938964844,385.0,394.25,354.30267333984375,2459930
2009-08-25,390.0,397.8500061035156,385.25,393.25,353.40399169921875,2867678
2009-08-26,390.0,406.5,390.0,399.04998779296875,358.6163024902344,3218457
2009-08-27,395.0,398.5,390.5,392.3500061035156,352.5951843261719,1572898
2009-08-28,393.0,415.0,392.1000061035156,413.1499938964844,371.2876281738281,5134658
2009-08-31,410.0,426.79998779296875,405.0,424.20001220703125,381.2179870605469,4180423
2009-09-01,350.0,441.95001220703125,350.0,416.70001220703125,374.47796630859375,4740337
2009-09-02,415.0,426.0,407.0,411.79998779296875,370.0743713378906,3990119
2009-09-03,419.79998779296875,420.8999938964844,411.1000061035156,412.8500061035156,371.0179748535156,2289261
2009-09-04,416.0,418.0,395.04998779296875,414.3500061035156,372.36602783203125,5247147
2009-09-07,419.0,438.0,417.04998779296875,435.20001220703125,391.1034851074219,2655694
2009-09-08,439.0,446.8999938964844,432.1000061035156,435.70001220703125,391.552734375,4352433
2009-09-09,436.0,436.0,417.5,420.3999938964844,377.802978515625,4372763
2009-09-10,426.0,430.5,405.1000061035156,408.75,367.3334655761719,5583112
2009-09-11,412.0,415.3999938964844,394.1000061035156,398.6499938964844,358.2568054199219,5042673
2009-09-14,397.0,397.0,387.6499938964844,392.0,352.2806396484375,3012063
2009-09-15,402.0,415.0,395.0,412.3999938964844,370.6136169433594,3304027
2009-09-16,419.0,422.3999938964844,411.1000061035156,418.1499938964844,375.781005859375,2873962
2009-09-17,421.25,425.6499938964844,416.29998779296875,419.75,377.2188720703125,2877213
2009-09-18,417.8999938964844,430.0,412.04998779296875,427.79998779296875,384.4531555175781,2672488
2009-09-22,427.0,435.0,425.20001220703125,429.25,387.5682067871094,2259476
2009-09-23,431.3999938964844,438.79998779296875,420.25,423.6499938964844,382.51202392578125,2847269
2009-09-24,419.8999938964844,428.8500061035156,409.70001220703125,424.6000061035156,383.3697509765625,2684518
2009-09-25,420.0,432.70001220703125,415.0,426.75,385.3110046386719,3365359
2009-09-29,433.0,434.25,425.1000061035156,426.70001220703125,385.2658386230469,1865991
2009-09-30,425.0,439.95001220703125,423.29998779296875,438.0,395.4685363769531,3120069
2009-10-01,437.0,445.3999938964844,434.20001220703125,440.1499938964844,397.4097900390625,3697453
2009-10-05,430.0,435.75,419.70001220703125,422.75,381.69940185546875,2475790
2009-10-06,427.0,427.6000061035156,401.6000061035156,416.8999938964844,376.41741943359375,3846876
2009-10-07,420.0,425.5,410.0,413.70001220703125,373.5281677246094,2897034
2009-10-08,416.0,423.8999938964844,411.0,418.5,377.8620910644531,2729661
2009-10-09,423.75,428.0,413.54998779296875,416.0,375.6048583984375,2895569
2009-10-12,417.0,427.5,417.0,424.8500061035156,383.595458984375,1997049
2009-10-14,430.0,437.0,427.1000061035156,432.3999938964844,390.4123229980469,2006100
2009-10-15,435.0,440.8999938964844,430.25,433.3500061035156,391.2700500488281,2204650
2009-10-16,430.0,464.45001220703125,428.0,460.6499938964844,415.9191589355469,5166846
2009-10-20,461.3500061035156,475.0,461.3500061035156,468.6499938964844,423.1423034667969,3454838
2009-10-21,467.79998779296875,490.79998779296875,465.20001220703125,472.0,426.16705322265625,5042934
2009-10-22,476.0,476.0,444.54998779296875,448.75,405.1747131347656,3761878
2009-10-23,458.8999938964844,464.70001220703125,450.70001220703125,454.70001220703125,410.54693603515625,2620691
2009-10-26,455.54998779296875,457.20001220703125,427.6499938964844,430.1000061035156,388.33563232421875,3188790
2009-10-27,420.0,425.0,399.25,401.79998779296875,362.78369140625,3932875
2009-10-28,400.0,408.79998779296875,385.0,403.04998779296875,363.9122619628906,3994781
2009-10-29,390.0,393.79998779296875,372.1499938964844,375.6000061035156,339.1278076171875,3620781
2009-10-30,385.0,394.20001220703125,366.70001220703125,370.0,334.07159423828125,3767257
2009-11-03,365.0,367.70001220703125,332.3999938964844,336.54998779296875,303.8697509765625,3392539
2009-11-04,341.0,370.70001220703125,341.0,365.1000061035156,329.6474609375,3870749
2009-11-05,359.70001220703125,374.8999938964844,349.04998779296875,372.25,336.10308837890625,4863612
2009-11-06,378.5,390.79998779296875,376.20001220703125,380.20001220703125,343.28118896484375,3301391
2009-11-09,385.0,395.0,371.25,390.1000061035156,352.2198486328125,3631327
2009-11-10,395.0,396.8999938964844,375.5,377.75,341.0690612792969,3869586
2009-11-11,377.0,386.0,368.25,384.04998779296875,346.7572937011719,3490667
2009-11-12,382.0,394.04998779296875,365.70001220703125,370.8500061035156,334.83905029296875,5583648
2009-11-13,366.04998779296875,373.6000061035156,361.0,368.54998779296875,332.76239013671875,3920776
2009-11-16,370.0,387.5,370.0,385.29998779296875,347.8858947753906,2777254
2009-11-17,387.0,389.0,371.20001220703125,377.79998779296875,341.11419677734375,3387665
2009-11-18,375.0,384.29998779296875,372.5,380.3500061035156,343.4165954589844,2873593
2009-11-19,379.0,380.0,362.70001220703125,366.3500061035156,330.77606201171875,2675131
2009-11-20,364.0,375.8999938964844,356.20001220703125,374.75,338.3603820800781,3803608
2009-11-23,375.0,380.70001220703125,371.0,372.1499938964844,336.0128173828125,2224993
2009-11-24,372.75,380.0,369.1000061035156,373.0,336.7802734375,2386626
2009-11-25,373.5,375.5,360.6000061035156,362.1499938964844,326.9838562011719,2589371
2009-11-26,360.0,366.0,352.04998779296875,354.25,319.8509826660156,2453044
2009-11-27,350.0,355.70001220703125,326.0,350.6000061035156,316.5554504394531,3960351
2009-11-30,358.0,362.0,349.25,351.6000061035156,317.45831298828125,2790980
2009-12-01,358.0,372.20001220703125,353.6000061035156,370.79998779296875,334.7938537597656,3469907
2009-12-02,379.0,387.0,374.5,384.5,347.16363525390625,3972095
2009-12-03,384.5,391.5,382.0,383.8999938964844,346.6218566894531,2582472
2009-12-04,380.0,387.5,375.70001220703125,380.5,343.55206298828125,2508699
2009-12-07,380.8500061035156,384.1000061035156,366.8500061035156,369.54998779296875,333.66534423828125,2042284
2009-12-08,369.0,384.45001220703125,362.20001220703125,382.6000061035156,345.44805908203125,2556964
2009-12-09,374.3999938964844,388.79998779296875,370.0,382.6499938964844,345.4932556152344,3333519
2009-12-10,381.1000061035156,389.8500061035156,379.5,386.1499938964844,348.6534118652344,2144876
2009-12-11,392.0,394.3999938964844,377.1000061035156,382.6000061035156,345.44805908203125,2550766
2009-12-14,384.0,386.04998779296875,378.25,382.6499938964844,345.4932556152344,1895878
2009-12-15,385.0,388.0,377.6499938964844,381.0,344.0034484863281,2707599
2009-12-16,379.0,383.8999938964844,375.25,379.3999938964844,342.558837890625,2284551
2009-12-17,376.95001220703125,379.0,360.1000061035156,365.3500061035156,329.87310791015625,4986906
2009-12-18,360.0,371.8999938964844,356.1000061035156,358.1499938964844,323.3722839355469,4605571
2009-12-21,360.0,360.79998779296875,348.70001220703125,350.45001220703125,316.4200134277344,2297051
2009-12-22,355.0,358.45001220703125,352.04998779296875,355.6000061035156,321.0699462890625,1757903
2009-12-23,359.0,367.3500061035156,357.0,365.8999938964844,330.3697509765625,2219835
2009-12-24,368.0,375.6499938964844,366.0,370.29998779296875,334.34246826171875,2503390
2009-12-29,372.6499938964844,373.0,364.1000061035156,365.25,329.7828674316406,1541649
2009-12-30,365.45001220703125,370.0,364.79998779296875,365.79998779296875,330.2794494628906,1545153
2009-12-31,369.5,377.70001220703125,359.5,361.1499938964844,326.0810241699219,1738654
2010-01-04,361.1499938964844,367.70001220703125,361.0,364.6499938964844,329.2411193847656,1052857
2010-01-05,370.0,372.8999938964844,367.20001220703125,369.70001220703125,333.80072021484375,1518131
2010-01-06,372.0,380.3500061035156,367.5,378.5,341.7462463378906,2978097
2010-01-07,380.0,383.0,372.6499938964844,374.25,337.90887451171875,1710827
2010-01-08,376.95001220703125,393.20001220703125,375.54998779296875,390.20001220703125,352.31011962890625,3781640
2010-01-11,393.0,403.0,393.0,399.3500061035156,360.5715637207031,3061228
2010-01-12,399.79998779296875,401.0,383.1000061035156,383.95001220703125,346.6670227050781,2079369
2010-01-13,377.04998779296875,390.0,372.0,387.70001220703125,350.05291748046875,2634333
2010-01-14,390.0,395.0,382.25,383.6000061035156,346.35101318359375,1798405
2010-01-15,385.0,391.79998779296875,384.5,386.45001220703125,348.9242858886719,1242414
2010-01-18,385.0,389.0,379.3999938964844,387.25,349.6466064453125,1607459
2010-01-19,387.20001220703125,389.75,379.1499938964844,380.20001220703125,343.28118896484375,1442227
2010-01-20,382.0,383.3999938964844,370.45001220703125,373.5,337.2317199707031,1435813
2010-01-21,371.0,373.79998779296875,362.0,364.1000061035156,328.74456787109375,1487410
2010-01-22,357.0,360.1000061035156,347.20001220703125,353.79998779296875,319.4446716308594,2085132
2010-01-25,351.0,354.5,343.0,344.0,310.5963134765625,1508651
2010-01-27,342.54998779296875,342.54998779296875,312.1499938964844,317.04998779296875,286.26324462890625,3804951
2010-01-28,316.0,330.0,316.0,324.54998779296875,293.03497314453125,2619200
2010-01-29,320.0,335.8500061035156,314.04998779296875,332.79998779296875,300.48382568359375,3286452
2010-02-01,329.0,338.6499938964844,326.3999938964844,332.95001220703125,300.6193542480469,1826630
2010-02-02,340.0,342.3500061035156,324.45001220703125,326.20001220703125,294.5247497558594,2511316
2010-02-03,329.0,338.45001220703125,328.5,335.79998779296875,303.19256591796875,1614142
2010-02-04,335.79998779296875,337.5,319.25,321.25,290.0553894042969,1630354
2010-02-05,315.0,315.0,303.70001220703125,309.45001220703125,279.4012756347656,2439309
2010-02-08,306.0,318.5,304.8500061035156,311.45001220703125,281.2070617675781,2396580
2010-02-09,310.0,311.0,303.54998779296875,306.75,276.9634094238281,2403011
2010-02-10,309.0,312.6000061035156,300.25,301.75,272.448974609375,3422586
2010-02-11,304.54998779296875,310.3999938964844,304.54998779296875,307.0,277.18914794921875,2068566
2010-02-15,308.0,311.5,302.1499938964844,303.5,274.02899169921875,1871090
2010-02-16,306.0,310.8500061035156,302.8999938964844,309.79998779296875,279.71728515625,1525552
2010-02-17,312.0,317.3999938964844,304.1499938964844,305.6499938964844,275.97021484375,2162711
2010-02-18,307.0,310.8999938964844,301.75,303.75,274.2547607421875,2231958
2010-02-19,299.0,302.0,288.6499938964844,291.29998779296875,263.013671875,2762245
2010-02-22,296.0,298.5,283.1499938964844,285.1000061035156,257.415771484375,2343765
2010-02-23,282.0,291.79998779296875,281.0,289.8500061035156,261.7044982910156,2448069
2010-02-24,287.0,291.5,284.25,288.8500061035156,260.8015441894531,1684278
2010-02-25,291.0,293.3999938964844,287.6499938964844,289.25,261.16278076171875,1617870
2010-02-26,289.6000061035156,314.5,289.29998779296875,297.1499938964844,268.2955627441406,4998797
2010-03-02,295.0,297.0,287.54998779296875,292.25,263.8714294433594,3513989
2010-03-03,293.0,301.3500061035156,293.0,298.25,269.288818359375,2388520
2010-03-04,310.0,311.0,297.5,304.45001220703125,274.88677978515625,2446049
2010-03-05,307.04998779296875,318.8999938964844,306.8999938964844,316.54998779296875,285.811767578125,3337948
2010-03-08,319.0,325.3500061035156,316.04998779296875,317.1499938964844,286.353515625,2115297
2010-03-09,317.1499938964844,318.5,310.6000061035156,311.75,281.4778747558594,1672679
2010-03-10,312.5,316.1499938964844,307.5,314.45001220703125,283.9157409667969,2007017
2010-03-11,314.3999938964844,316.5,310.29998779296875,312.95001220703125,282.5614013671875,1292866
2010-03-12,312.95001220703125,315.79998779296875,308.25,310.3500061035156,280.2138366699219,1310798
2010-03-15,310.0,311.0,305.1000061035156,308.54998779296875,278.5885925292969,1262357
2010-03-16,309.0,314.3500061035156,305.8999938964844,312.3500061035156,282.0196228027344,1691724
2010-03-17,315.0,319.6000061035156,312.0,313.5,283.0579528808594,1766568
2010-03-18,314.0,318.8500061035156,307.0,317.0,286.21807861328125,1808167
2010-03-19,318.6000061035156,319.1000061035156,311.04998779296875,312.70001220703125,282.3357238769531,1371345
2010-03-22,305.0,308.70001220703125,300.1000061035156,301.3999938964844,272.1329040527344,1480985
2010-03-23,304.0,304.8999938964844,294.5,295.20001220703125,266.5349426269531,1928046
2010-03-25,294.79998779296875,300.70001220703125,292.3999938964844,299.1499938964844,270.1014404296875,1453255
2010-03-26,301.0,302.79998779296875,293.0,295.25,266.5801086425781,1497328
2010-03-29,295.25,301.29998779296875,294.75,299.1499938964844,270.1014404296875,1479211
2010-03-30,302.5,311.45001220703125,299.54998779296875,308.79998779296875,278.8143615722656,2576935
2010-03-31,312.0,315.3999938964844,307.79998779296875,308.8999938964844,278.9046325683594,1684745
2010-04-01,311.0,313.1499938964844,309.6000061035156,311.1499938964844,280.9361572265625,761919
2010-04-05,316.6000061035156,324.6000061035156,313.0,321.3500061035156,290.14569091796875,1647241
2010-04-06,322.95001220703125,329.8500061035156,322.95001220703125,327.8999938964844,296.05963134765625,1477943
2010-04-07,330.0,334.79998779296875,326.79998779296875,331.8500061035156,299.6261291503906,1835411
2010-04-08,332.0,338.79998779296875,328.6499938964844,333.45001220703125,301.07073974609375,2109028
2010-04-09,334.0,338.70001220703125,331.29998779296875,334.1499938964844,301.7027587890625,1218743
2010-04-12,338.0,339.0,328.79998779296875,333.75,301.3416442871094,1489595
2010-04-13,339.79998779296875,339.79998779296875,331.1000061035156,335.5,302.92169189453125,1152459
2010-04-15,337.25,345.25,336.1000061035156,338.25,305.40460205078125,1899762
2010-04-16,337.0,338.25,325.25,330.0,297.95574951171875,1626279
2010-04-19,325.0,325.0,314.6499938964844,316.29998779296875,285.5860900878906,1361422
2010-04-20,317.70001220703125,327.95001220703125,313.5,326.3500061035156,294.6601867675781,2272727
2010-04-21,328.0,333.75,326.3500061035156,330.3500061035156,298.27178955078125,1139826
2010-04-22,325.54998779296875,333.3999938964844,324.6000061035156,325.54998779296875,293.9378967285156,1501982
2010-04-23,327.0,333.8999938964844,325.0,331.3500061035156,299.1746520996094,1632882
2010-04-26,334.0,337.0,321.3500061035156,323.0,291.6354675292969,1674652
2010-04-27,320.0,323.0,315.79998779296875,317.1499938964844,286.353515625,1659024
2010-04-28,310.1499938964844,312.8999938964844,305.0,307.1000061035156,277.2794189453125,1363750
2010-04-29,308.0,314.29998779296875,307.1000061035156,309.25,279.22064208984375,1791351
2010-04-30,312.0,315.79998779296875,309.75,311.25,281.0264892578125,1070951
2010-05-03,303.0,310.0,300.0,307.29998779296875,277.4599609375,861909
2010-05-04,308.0,312.6000061035156,300.0,301.1000061035156,271.862060546875,1970537
2010-05-05,295.0,303.95001220703125,291.3500061035156,301.5,272.22320556640625,1515581
2010-05-06,298.0,301.54998779296875,295.0,298.20001220703125,269.24365234375,1455412
2010-05-07,290.0,294.79998779296875,283.5,285.04998779296875,257.3704833984375,1335874
2010-05-10,288.6000061035156,305.8999938964844,288.6000061035156,304.1000061035156,274.57073974609375,1383809
2010-05-11,303.0,309.0,293.04998779296875,295.0,266.3543395996094,1343020
2010-05-12,300.0,301.0,292.1000061035156,297.04998779296875,268.205322265625,1123912
2010-05-13,299.95001220703125,307.0,298.5,306.04998779296875,276.33135986328125,1880295
2010-05-14,306.0,308.3999938964844,296.6499938964844,298.75,269.74029541015625,1532708
2010-05-17,290.25,295.0,280.1000061035156,286.95001220703125,259.0860900878906,2716483
2010-05-18,287.0,293.0,284.29998779296875,289.25,261.16278076171875,2164900
2010-05-19,287.70001220703125,287.70001220703125,276.1499938964844,278.8999938964844,251.81776428222656,1852927
2010-05-20,278.5,282.79998779296875,269.1499938964844,271.04998779296875,244.72998046875,1631174
2010-05-21,265.0,270.70001220703125,260.1000061035156,269.20001220703125,243.0596923828125,1380676
2010-05-24,276.0,277.79998779296875,260.1000061035156,263.25,237.6874237060547,1198836
2010-05-25,260.0,262.95001220703125,251.5,256.04998779296875,231.18658447265625,1649094
2010-05-26,259.0,265.75,259.0,263.79998779296875,238.18399047851562,1117368
2010-05-27,263.79998779296875,271.79998779296875,262.0,270.54998779296875,244.27857971191406,1195353
2010-05-28,276.3500061035156,281.20001220703125,273.25,280.1000061035156,252.90126037597656,1601918
2010-05-31,279.1000061035156,281.0,270.8999938964844,276.3500061035156,249.51535034179688,1138806
2010-06-01,275.0,280.8500061035156,269.70001220703125,270.79998779296875,244.50430297851562,1206526
2010-06-02,271.0,275.0,266.20001220703125,273.1499938964844,246.62611389160156,1299094
2010-06-03,277.0,280.0,275.8999938964844,277.6499938964844,250.6891326904297,733931
2010-06-04,277.1000061035156,285.5,274.25,281.70001220703125,254.34593200683594,1491285
2010-06-07,274.0,276.1000061035156,262.6499938964844,264.25,238.59034729003906,1920446
2010-06-08,262.0,268.3999938964844,255.0,257.45001220703125,232.45066833496094,2032635
2010-06-09,260.0,263.20001220703125,254.60000610351562,258.1000061035156,233.03753662109375,2431808
2010-06-10,260.0,263.79998779296875,256.75,262.70001220703125,237.1908416748047,2434716
2010-06-11,266.0,269.45001220703125,261.0,262.3999938964844,236.91998291015625,1704123
2010-06-14,266.0,266.0,259.1499938964844,264.3500061035156,238.6806182861328,1455202
2010-06-15,266.0,274.5,261.1000061035156,272.25,245.81350708007812,2107453
2010-06-16,276.0,279.70001220703125,273.8999938964844,277.6000061035156,250.64398193359375,2160513
2010-06-17,278.79998779296875,284.70001220703125,275.1000061035156,283.1000061035156,255.60995483398438,2209969
2010-06-18,281.0,284.6000061035156,278.5,282.45001220703125,255.0230712890625,1277062
2010-06-21,287.70001220703125,292.29998779296875,286.0,290.25,262.0655822753906,1668937
2010-06-22,290.0,292.45001220703125,287.1499938964844,287.8500061035156,259.8987121582031,1116815
2010-06-23,285.5,294.0,282.5,291.75,263.41998291015625,1125544
2010-06-24,292.0,293.79998779296875,285.5,288.6000061035156,260.57586669921875,1230474
2010-06-25,288.0,291.5,284.5,286.04998779296875,258.2734680175781,928311
2010-06-28,286.0,292.3999938964844,284.5,291.5,263.19427490234375,800817
2010-06-29,290.0,297.20001220703125,284.79998779296875,286.1000061035156,258.318603515625,1846492
2010-06-30,281.0,289.0,280.6000061035156,288.20001220703125,260.2147216796875,1056494
2010-07-01,285.1000061035156,286.3999938964844,282.0,283.79998779296875,256.241943359375,608657
2010-07-02,284.6000061035156,286.8999938964844,281.0,282.29998779296875,254.8876190185547,591330
2010-07-05,279.79998779296875,282.8999938964844,279.0,281.1499938964844,253.84927368164062,328867
2010-07-06,280.5,284.1499938964844,279.79998779296875,282.29998779296875,254.8876190185547,675247
2010-07-07,281.5,284.3999938964844,277.8999938964844,278.79998779296875,251.72747802734375,825821
2010-07-08,283.5,285.8999938964844,281.5,282.3500061035156,254.93276977539062,541182
2010-07-09,285.0,296.79998779296875,284.0,295.70001220703125,266.98638916015625,1855955
2010-07-12,298.0,304.25,297.04998779296875,302.75,273.35186767578125,1330886
2010-07-13,303.0,318.1499938964844,303.0,315.6499938964844,284.99920654296875,2435035
2010-07-14,318.0,324.8999938964844,317.25,319.04998779296875,288.06903076171875,2550935
2010-07-15,320.0,321.0,313.25,318.54998779296875,287.6175537109375,1445690
2010-07-16,320.0,320.8999938964844,316.20001220703125,319.6499938964844,288.61077880859375,993752
2010-07-19,317.0,317.0,313.04998779296875,315.1499938964844,284.5477294921875,741432
2010-07-20,318.3999938964844,323.20001220703125,317.5,321.5,290.2811279296875,1192898
2010-07-21,323.25,324.5,319.1499938964844,323.1499938964844,291.7709655761719,809821
2010-07-22,320.04998779296875,327.8999938964844,318.79998779296875,326.75,295.0213928222656,1166887
2010-07-23,331.8999938964844,331.8999938964844,320.79998779296875,322.3500061035156,291.048583984375,1036804
2010-07-26,324.0,325.0,312.5,313.04998779296875,282.65167236328125,893843
2010-07-27,311.0,322.29998779296875,308.5,319.5,288.475341796875,1820430
2010-07-28,320.0,322.0,310.1000061035156,311.8500061035156,281.56817626953125,1292808
2010-07-29,310.0,312.3999938964844,304.20001220703125,309.29998779296875,279.26580810546875,1199431
2010-07-30,309.29998779296875,309.29998779296875,300.04998779296875,301.29998779296875,272.0426025390625,1260009
2010-08-02,304.70001220703125,307.20001220703125,302.25,303.70001220703125,274.2096252441406,939963
2010-08-03,305.8999938964844,309.20001220703125,304.5,305.45001220703125,275.7896728515625,884345
2010-08-04,306.5,311.25,306.0,309.8500061035156,279.7624206542969,1046657
2010-08-05,311.0,314.5,309.70001220703125,310.70001220703125,280.5299072265625,958784
2010-08-06,311.5,312.5,306.25,307.6000061035156,277.73089599609375,633140
2010-08-09,308.1000061035156,320.79998779296875,308.0,319.79998779296875,288.7462158203125,1406499
2010-08-10,320.0,324.70001220703125,317.1000061035156,320.25,289.1524963378906,1126066
2010-08-11,318.3999938964844,323.0,314.5,315.45001220703125,284.8186340332031,714524
2010-08-12,311.95001220703125,319.0,309.0,315.75,285.0895080566406,1046860
2010-08-13,316.0,323.8999938964844,316.0,322.45001220703125,291.1388854980469,1122669
2010-08-16,322.0,328.0,317.0,319.95001220703125,288.8816833496094,879841
2010-08-17,321.0,323.70001220703125,316.5,318.29998779296875,287.3918762207031,642205
2010-08-18,321.0,322.8999938964844,315.5,319.8500061035156,288.79132080078125,714671
2010-08-19,321.8500061035156,323.5,319.0,321.29998779296875,290.1005554199219,501060
2010-08-20,320.8999938964844,333.8999938964844,319.20001220703125,332.70001220703125,300.3935546875,2190010
2010-08-23,334.0,336.54998779296875,329.04998779296875,330.8500061035156,298.72320556640625,826997
2010-08-24,330.8999938964844,331.0,321.0,322.25,290.9583435058594,682788
2010-08-25,322.0,322.0,310.0,311.45001220703125,281.2070617675781,1057112
2010-08-26,311.0,319.5,310.25,318.1000061035156,287.2113037109375,963153
2010-08-27,316.0,317.0,306.0,307.6000061035156,277.73089599609375,909099
2010-08-30,313.0,314.3999938964844,304.25,307.3500061035156,277.50518798828125,920300
2010-08-31,305.0,305.0,297.3999938964844,301.75,272.448974609375,1060294
2010-09-01,305.0,311.5,302.95001220703125,309.5,279.4464111328125,701358
2010-09-02,312.29998779296875,314.79998779296875,309.0,310.95001220703125,280.755615234375,651676
2010-09-03,312.0,315.5,309.0,313.1499938964844,282.7419738769531,623345
2010-09-06,316.0,319.3500061035156,315.1499938964844,318.3500061035156,287.4370422363281,488956
2010-09-07,319.1000061035156,321.95001220703125,315.0,316.70001220703125,285.9472351074219,564209
2010-09-08,315.45001220703125,319.29998779296875,313.20001220703125,317.75,286.89532470703125,580909
2010-09-09,322.0,323.5,318.5,321.8500061035156,290.5971374511719,820877
2010-09-13,324.79998779296875,334.5,323.8500061035156,332.8500061035156,300.5290832519531,943237
2010-09-14,336.0,343.0,332.8500061035156,341.25,308.1133728027344,1712025
2010-09-15,341.5,345.0,337.6000061035156,340.6499938964844,307.5715637207031,1009510
2010-09-16,340.6499938964844,356.5,334.5,349.70001220703125,315.7428283691406,2713047
2010-09-17,352.0,358.70001220703125,350.0,352.20001220703125,319.8292236328125,1617622
2010-09-20,352.0,364.75,351.5,363.6000061035156,330.18145751953125,1420355
2010-09-21,371.0,371.0,355.5,358.79998779296875,325.8226318359375,913781
2010-09-22,359.8999938964844,361.0,349.75,352.6000061035156,320.1924743652344,838573
2010-09-23,354.0,356.1000061035156,346.1499938964844,347.6499938964844,315.6973876953125,609072
2010-09-24,347.0,367.0,347.0,365.6499938964844,332.04302978515625,1704390
2010-09-27,369.0,375.0,367.25,369.25,335.3121643066406,1464282
2010-09-28,369.0,380.0,367.1000061035156,378.0,343.2579040527344,1509440
2010-09-29,381.25,385.0,372.0,372.79998779296875,338.5358581542969,1547391
2010-09-30,374.0,379.04998779296875,368.6000061035156,377.29998779296875,342.62225341796875,1060561
2010-10-01,380.0,391.8999938964844,377.0,387.79998779296875,352.1572265625,1570402
2010-10-04,390.0,397.3500061035156,384.0,390.75,354.8360595703125,1235320
2010-10-05,392.0,393.04998779296875,386.25,389.95001220703125,354.109619140625,959374
2010-10-06,392.0,396.3500061035156,388.20001220703125,392.75,356.65228271484375,1071609
2010-10-07,393.95001220703125,394.5,378.04998779296875,380.95001220703125,345.9367980957031,954159
2010-10-08,380.0,386.75,374.1000061035156,382.6000061035156,347.4351501464844,960194
2010-10-11,385.0,390.04998779296875,380.25,382.3500061035156,347.20806884765625,670837
2010-10-12,385.0,385.0,372.0,374.45001220703125,340.0342102050781,548883
2010-10-13,376.0,390.5,375.3500061035156,386.6000061035156,351.0674743652344,760696
2010-10-14,388.0,392.8500061035156,382.0,383.6499938964844,348.3886413574219,874757
2010-10-15,384.5,387.3999938964844,370.25,374.04998779296875,339.6709289550781,833925
2010-10-18,376.0,378.95001220703125,366.5,377.54998779296875,342.8492736816406,957136
2010-10-19,380.1000061035156,381.3999938964844,366.54998779296875,369.29998779296875,335.3575439453125,782532
2010-10-20,367.0,372.04998779296875,361.3999938964844,364.04998779296875,330.5900573730469,604578
2010-10-21,367.70001220703125,372.8999938964844,364.0,371.6499938964844,337.4915771484375,559578
2010-10-22,373.70001220703125,373.79998779296875,362.0,363.25,329.8636169433594,568615
2010-10-25,365.0,372.3999938964844,364.45001220703125,366.6000061035156,332.9057312011719,622573
2010-10-26,367.0,373.45001220703125,365.1000061035156,369.5,335.5391540527344,702618
2010-10-27,371.0,372.0,361.79998779296875,363.20001220703125,329.81817626953125,564435
2010-10-28,364.5,366.0,352.3999938964844,355.1499938964844,322.5080871582031,667457
2010-10-29,354.0,359.0,341.6000061035156,350.1000061035156,317.9222412109375,742687
2010-11-01,356.0,362.5,353.6000061035156,360.95001220703125,327.7750244140625,241585
2010-11-02,364.5,364.5,345.20001220703125,349.1000061035156,317.0141906738281,1318005
2010-11-03,353.6000061035156,355.0,347.0,349.1000061035156,317.0141906738281,499300
2010-11-04,351.04998779296875,356.8999938964844,351.0,354.8500061035156,322.2356872558594,507883
2010-11-08,355.5,359.95001220703125,350.54998779296875,358.5,325.5502014160156,426491
2010-11-09,358.0,365.5,357.29998779296875,362.8999938964844,329.5457763671875,636903
2010-11-10,361.20001220703125,365.95001220703125,359.5,362.45001220703125,329.13714599609375,564609
2010-11-11,361.0,361.0,345.1000061035156,346.45001220703125,314.60772705078125,932450
2010-11-12,337.5,341.0,325.0,327.54998779296875,297.44482421875,1142834
2010-11-15,326.0,329.79998779296875,317.8999938964844,322.04998779296875,292.4503479003906,936542
2010-11-16,322.0,326.54998779296875,313.0,314.1499938964844,285.2763977050781,869566
2010-11-18,320.0,322.0,303.25,319.04998779296875,289.72607421875,1338736
2010-11-19,320.3999938964844,320.5,306.0,307.79998779296875,279.5100402832031,810389
2010-11-22,311.5,320.0,308.1000061035156,318.3500061035156,289.0903625488281,776829
2010-11-23,313.79998779296875,316.8500061035156,305.04998779296875,314.79998779296875,285.86663818359375,997579
2010-11-24,315.0,322.8999938964844,298.6499938964844,305.3500061035156,277.28515625,1041522
2010-11-25,308.1000061035156,308.5,291.0,292.75,265.84326171875,1212588
2010-11-26,294.0,294.0,258.5,287.75,261.3028259277344,2443611
2010-11-29,285.0,292.5,279.0,287.1499938964844,260.7579650878906,904323
2010-11-30,284.0,309.0,279.6499938964844,307.25,279.0105895996094,2086963
2010-12-01,305.0,321.1000061035156,302.75,318.8999938964844,289.5898132324219,1166688
2010-12-02,322.79998779296875,325.0,315.54998779296875,321.1000061035156,291.5876159667969,1042712
2010-12-03,318.0,320.0,305.25,306.54998779296875,278.3749084472656,899196
2010-12-06,306.0,314.3999938964844,306.0,308.1499938964844,279.827880859375,879031
2010-12-07,306.5,307.95001220703125,296.0,299.04998779296875,271.56427001953125,1251721
2010-12-08,298.3999938964844,302.70001220703125,289.1000061035156,290.6499938964844,263.936279296875,1286435
2010-12-09,291.54998779296875,293.29998779296875,282.0,283.8500061035156,257.7612609863281,1154322
2010-12-10,283.8500061035156,287.8999938964844,275.5,283.29998779296875,257.2618408203125,1197676
2010-12-13,284.8999938964844,293.20001220703125,278.70001220703125,291.25,264.481201171875,1400156
2010-12-14,293.79998779296875,296.20001220703125,287.75,293.1000061035156,266.1611328125,1128716
2010-12-15,292.0,292.0,275.75,278.0,252.448974609375,1204519
2010-12-16,280.0,284.5,275.0,282.3500061035156,256.399169921875,1327067
2010-12-20,281.0,285.0,276.29998779296875,279.3999938964844,253.7202911376953,820817
2010-12-21,281.8999938964844,286.5,280.70001220703125,284.8999938964844,258.71478271484375,646907
2010-12-22,286.0,289.5,283.5,285.04998779296875,258.8509826660156,682419
2010-12-23,284.0,288.5,280.5,281.45001220703125,255.5818634033203,548096
2010-12-24,281.0,284.0,279.0,283.45001220703125,257.3980712890625,606910
2010-12-27,284.8999938964844,288.5,283.0,284.6000061035156,258.4423522949219,587284
2010-12-28,285.0,286.45001220703125,283.6000061035156,284.70001220703125,258.5331726074219,346335
2010-12-29,285.1499938964844,288.20001220703125,285.1000061035156,286.79998779296875,260.44012451171875,414302
2010-12-30,288.5,288.70001220703125,284.54998779296875,287.0,260.6217956542969,376723
2010-12-31,288.6000061035156,294.8999938964844,287.5,291.95001220703125,265.1168518066406,594877
2011-01-03,294.8500061035156,298.20001220703125,294.0,295.45001220703125,268.29510498046875,418447
2011-01-04,296.5,298.1499938964844,291.0,291.45001220703125,264.66278076171875,509409
2011-01-05,291.8999938964844,291.8999938964844,280.6499938964844,281.8999938964844,255.9905242919922,784947
2011-01-06,284.29998779296875,285.0,275.6000061035156,277.25,251.76792907714844,819836
2011-01-07,277.0,279.95001220703125,266.54998779296875,268.75,244.04913330078125,1086380
2011-01-10,270.3999938964844,271.70001220703125,258.5,259.79998779296875,235.9217071533203,981275
2011-01-11,264.0,264.0,252.10000610351562,257.5,233.8331298828125,1272599
2011-01-12,261.0,265.0,253.39999389648438,263.5,239.2816619873047,1149380
2011-01-13,263.0,268.79998779296875,261.6000061035156,265.1000061035156,240.73458862304688,1096041
2011-01-14,265.8999938964844,268.0,257.6000061035156,259.0,235.1952362060547,812343
2011-01-17,261.20001220703125,261.20001220703125,250.0,250.75,227.70352172851562,808012
2011-01-18,253.8000030517578,253.8000030517578,244.8000030517578,249.1999969482422,226.2959747314453,1022062
2011-01-19,249.5,259.0,246.0,257.0,233.3790740966797,1438747
2011-01-20,254.0,258.75,252.0,256.3500061035156,232.78880310058594,689859
2011-01-21,254.0,257.3999938964844,251.0500030517578,252.35000610351562,229.15646362304688,587626
2011-01-24,252.8000030517578,256.5,251.10000610351562,255.39999389648438,231.92611694335938,494824
2011-01-25,257.04998779296875,260.3500061035156,252.60000610351562,253.6999969482422,230.3823699951172,698893
2011-01-27,253.60000610351562,255.8000030517578,237.0,239.9499969482422,217.89614868164062,1101278
2011-01-28,239.3000030517578,240.0,217.60000610351562,223.10000610351562,202.59483337402344,2084329
2011-01-31,220.25,225.35000610351562,214.85000610351562,223.89999389648438,203.32131958007812,2320295
2011-02-01,225.0500030517578,229.3000030517578,219.3000030517578,220.8000030517578,200.50625610351562,1920238
2011-02-02,224.0,233.85000610351562,216.0,227.10000610351562,206.22720336914062,4117935
2011-02-03,225.14999389648438,246.64999389648438,225.14999389648438,243.9499969482422,221.5284881591797,5208637
2011-02-04,237.0,244.60000610351562,233.0500030517578,237.1999969482422,215.39889526367188,4037654
2011-02-07,238.8000030517578,245.39999389648438,237.10000610351562,242.6999969482422,220.39340209960938,1603657
2011-02-08,244.0,244.9499969482422,237.25,239.3000030517578,217.30587768554688,1529490
2011-02-09,235.0,248.0,228.35000610351562,242.0,219.7577362060547,2521410
2011-02-10,240.0,249.5,235.0,245.5,222.93601989746094,1465181
2011-02-11,244.6999969482422,248.8000030517578,240.3000030517578,247.5500030517578,224.79763793945312,2548647
2011-02-14,249.89999389648438,252.89999389648438,244.75,246.60000610351562,223.93495178222656,1359095
2011-02-15,248.5,248.5,238.1999969482422,239.6999969482422,217.6691436767578,1182556
2011-02-16,237.5,241.89999389648438,233.8000030517578,238.3000030517578,216.3977813720703,1553425
2011-02-17,237.60000610351562,241.1999969482422,236.60000610351562,237.64999389648438,215.80752563476562,947242
2011-02-18,238.39999389648438,241.75,231.60000610351562,232.8000030517578,211.4032745361328,960241
2011-02-21,231.0,232.5,225.64999389648438,231.5500030517578,210.26817321777344,968930
2011-02-22,228.0,232.60000610351562,226.10000610351562,227.6999969482422,206.7720489501953,942569
2011-02-23,227.0,230.5,219.3000030517578,220.1999969482422,199.96136474609375,1134066
2011-02-24,220.60000610351562,224.0,212.0500030517578,213.4499969482422,193.83175659179688,1642930
2011-02-25,216.5,218.0,209.0,212.85000610351562,193.2869110107422,1219821
2011-02-28,215.0,219.89999389648438,211.10000610351562,212.0500030517578,192.56044006347656,1340334
2011-03-01,215.0,223.0,213.5,222.0500030517578,201.64134216308594,1192037
2011-03-03,221.39999389648438,229.1999969482422,220.0500030517578,223.85000610351562,203.2759246826172,1321153
2011-03-04,226.5,227.0,221.14999389648438,222.4499969482422,202.00454711914062,850047
2011-03-07,220.0,221.25,216.0,218.1999969482422,198.14517211914062,741402
2011-03-08,219.0,223.60000610351562,219.0,222.35000610351562,201.91375732421875,530171
2011-03-09,224.0,227.5,224.0,225.3000030517578,204.59262084960938,620488
2011-03-10,225.3000030517578,229.60000610351562,222.5500030517578,228.5,207.49850463867188,755727
2011-03-11,227.25,231.5,223.3000030517578,225.10000610351562,204.4110107421875,720196
2011-03-14,225.0,229.1999969482422,224.0,228.3000030517578,207.31689453125,420818
2011-03-15,224.0,225.39999389648438,219.5,221.10000610351562,200.7786407470703,573016
2011-03-16,224.0,228.25,223.0500030517578,226.5,205.68234252929688,427477
2011-03-17,223.8000030517578,227.39999389648438,221.0500030517578,221.6999969482422,201.32350158691406,658667
2011-03-18,224.39999389648438,224.39999389648438,219.0,219.6999969482422,199.50732421875,420891
2011-03-21,221.89999389648438,223.0,217.5,221.10000610351562,200.7786407470703,503666
2011-03-22,222.0,229.89999389648438,222.0,228.10000610351562,207.13528442382812,792245
2011-03-23,227.0,235.6999969482422,226.5500030517578,234.4499969482422,212.9016571044922,752211
2011-03-24,236.5,238.1999969482422,231.8000030517578,234.14999389648438,212.62921142578125,752972
2011-03-25,237.0,250.60000610351562,236.0500030517578,248.60000610351562,225.75111389160156,1770220
2011-03-28,246.0,252.0500030517578,246.0,246.9499969482422,224.25277709960938,835613
2011-03-29,246.39999389648438,256.8999938964844,242.6999969482422,253.35000610351562,230.06454467773438,1428210
2011-03-30,254.9499969482422,265.0,254.9499969482422,263.04998779296875,238.87301635742188,968545
2011-03-31,265.8999938964844,270.0,259.04998779296875,267.20001220703125,242.6416015625,1283315
2011-04-01,267.0,273.29998779296875,266.1000061035156,271.29998779296875,246.36473083496094,901117
2011-04-04,271.6000061035156,273.54998779296875,268.3500061035156,271.54998779296875,246.59178161621094,716483
2011-04-05,272.5,272.95001220703125,265.5,268.8999938964844,244.18536376953125,851316
2011-04-06,266.5,273.5,265.5,270.6000061035156,245.72906494140625,1461350
2011-04-07,272.1000061035156,274.5,268.20001220703125,269.5,244.73016357421875,1030897
2011-04-08,270.5,272.25,257.70001220703125,259.45001220703125,235.60389709472656,1088927
2011-04-11,258.0,258.0,249.75,250.35000610351562,227.3402557373047,889244
2011-04-13,247.75,253.6999969482422,246.1999969482422,251.14999389648438,228.06674194335938,3688442
2011-04-15,252.5,254.89999389648438,242.6999969482422,245.0500030517578,222.52740478515625,1941486
2011-04-18,245.0,247.60000610351562,232.3000030517578,233.5500030517578,212.08438110351562,1498268
2011-04-19,233.39999389648438,237.25,228.8000030517578,236.4499969482422,214.7178192138672,1626572
2011-04-20,237.5,243.75,236.8000030517578,242.75,220.4387969970703,1367692
2011-04-21,245.0,250.25,241.9499969482422,247.0500030517578,224.3435821533203,1363348
2011-04-25,248.8000030517578,248.8000030517578,240.5500030517578,241.5,219.30369567871094,614082
2011-04-26,242.4499969482422,242.6999969482422,237.5,238.39999389648438,216.48861694335938,985133
2011-04-27,241.8000030517578,242.39999389648438,234.1999969482422,234.64999389648438,213.08328247070312,903209
2011-04-28,235.0,236.4499969482422,226.25,228.3000030517578,207.31689453125,1269000
2011-04-29,228.89999389648438,232.0,221.1999969482422,222.89999389648438,202.41317749023438,1162984
2011-05-02,223.5500030517578,229.6999969482422,221.5,226.60000610351562,205.7731475830078,1143225
2011-05-03,225.6999969482422,226.89999389648438,220.3000030517578,220.8000030517578,200.50625610351562,912651
2011-05-04,220.89999389648438,222.89999389648438,215.6999969482422,219.35000610351562,199.18948364257812,992687
2011-05-05,220.3000030517578,221.89999389648438,215.0,215.1999969482422,195.42091369628906,1104039
2011-05-06,217.5,221.5,216.10000610351562,219.3000030517578,199.1440887451172,822196
2011-05-09,221.6999969482422,222.0,217.6999969482422,219.10000610351562,198.96249389648438,606586
2011-05-10,219.85000610351562,223.4499969482422,217.6999969482422,221.75,201.368896484375,791871
2011-05-11,222.35000610351562,228.0,222.1999969482422,227.1999969482422,206.3179931640625,727939
2011-05-12,225.0,231.64999389648438,224.85000610351562,227.60000610351562,206.68121337890625,818651
2011-05-13,227.89999389648438,234.8000030517578,226.39999389648438,232.1999969482422,210.8584442138672,842805
2011-05-16,231.6999969482422,231.6999969482422,225.3000030517578,226.1999969482422,205.409912109375,453578
2011-05-17,226.0,229.3000030517578,223.0,227.64999389648438,206.7266387939453,708450
2011-05-18,226.75,231.89999389648438,225.85000610351562,229.8000030517578,208.6790313720703,749214
2011-05-19,229.8000030517578,230.3000030517578,220.8000030517578,222.10000610351562,201.68673706054688,676803
2011-05-20,222.5,228.8000030517578,220.60000610351562,227.64999389648438,206.7266387939453,686132
2011-05-23,225.0,227.5,221.39999389648438,223.0500030517578,202.54942321777344,693088
2011-05-24,223.5,225.9499969482422,215.1999969482422,218.9499969482422,198.8262481689453,1761190
2011-05-25,210.0,214.64999389648438,208.0500030517578,210.10000610351562,190.7896728515625,1883706
2011-05-26,212.0,218.0,210.0500030517578,216.3000030517578,196.41981506347656,1160541
2011-05-27,218.0,226.9499969482422,217.4499969482422,225.1999969482422,204.5018310546875,954958
2011-05-30,226.1999969482422,232.3000030517578,226.0,231.0,209.7687225341797,845075
2011-05-31,231.0,239.39999389648438,230.6999969482422,238.5500030517578,216.6248321533203,953618
2011-06-01,240.10000610351562,240.89999389648438,233.5,236.39999389648438,214.6724090576172,644521
2011-06-02,231.39999389648438,237.89999389648438,230.1999969482422,236.10000610351562,214.4000244140625,595272
2011-06-03,235.5500030517578,241.0,232.0,233.60000610351562,212.1297607421875,810070
2011-06-06,231.6999969482422,233.8000030517578,229.1999969482422,232.6999969482422,211.3125,647340
2011-06-07,231.60000610351562,236.10000610351562,230.89999389648438,234.4499969482422,212.9016571044922,666248
2011-06-08,234.6999969482422,237.5500030517578,232.0,235.0500030517578,213.44650268554688,581720
2011-06-09,234.9499969482422,236.60000610351562,232.0,235.1999969482422,213.5827178955078,467597
2011-06-10,235.6999969482422,237.39999389648438,230.0,230.89999389648438,209.67791748046875,568302
2011-06-13,230.0,231.5,226.4499969482422,229.3000030517578,208.22500610351562,498284
2011-06-14,230.14999389648438,234.4499969482422,229.10000610351562,231.9499969482422,210.63145446777344,425085
2011-06-15,232.6999969482422,232.6999969482422,224.39999389648438,225.4499969482422,204.7288360595703,501303
2011-06-16,221.6999969482422,228.0500030517578,221.1999969482422,224.1999969482422,203.59373474121094,922703
2011-06-17,225.1999969482422,226.89999389648438,222.39999389648438,224.39999389648438,203.7753448486328,653807
2011-06-20,225.5,226.39999389648438,218.0,219.0,198.87167358398438,604368
2011-06-21,220.3000030517578,221.89999389648438,211.60000610351562,212.60000610351562,193.05987548828125,874353
2011-06-22,214.0,215.0,210.0,210.39999389648438,191.06207275390625,921123
2011-06-23,209.6999969482422,213.5,206.5500030517578,210.5,191.15289306640625,905823
2011-06-24,212.8000030517578,217.60000610351562,211.0500030517578,216.5,196.60142517089844,871163
2011-06-27,215.0,221.0,213.5,214.89999389648438,195.14849853515625,747083
2011-06-28,216.10000610351562,216.75,209.25,210.14999389648438,190.83506774902344,1400082
2011-06-29,211.5,213.6999969482422,207.8000030517578,209.5,190.24478149414062,1364799
2011-06-30,211.5,212.5,210.0,210.5500030517578,191.19830322265625,1169999
2011-07-01,212.6999969482422,221.0500030517578,212.6999969482422,220.35000610351562,200.09759521484375,2399683
2011-07-04,223.10000610351562,235.10000610351562,223.10000610351562,233.60000610351562,212.1297607421875,2932604
2011-07-05,232.4499969482422,232.4499969482422,228.5500030517578,230.8000030517578,209.58712768554688,862292
2011-07-06,229.5,234.8000030517578,227.39999389648438,230.0500030517578,208.90606689453125,1006171
2011-07-07,231.5,234.39999389648438,228.1999969482422,234.0,212.49301147460938,883241
2011-07-08,236.0,242.5,234.5,236.85000610351562,215.08106994628906,1757330
2011-07-11,235.0,235.64999389648438,228.14999389648438,229.14999389648438,208.08876037597656,628352
2011-07-12,227.64999389648438,227.64999389648438,218.0500030517578,220.35000610351562,200.09759521484375,1188194
2011-07-13,221.60000610351562,228.39999389648438,221.60000610351562,226.85000610351562,206.0001678466797,685239
2011-07-14,225.10000610351562,237.85000610351562,224.35000610351562,234.0,212.49301147460938,1886062
2011-07-15,280.79998779296875,280.79998779296875,187.25,233.0500030517578,211.6303253173828,1002636
2011-07-18,233.10000610351562,238.35000610351562,231.60000610351562,234.9499969482422,213.35568237304688,641274
2011-07-19,233.60000610351562,240.5,230.60000610351562,239.85000610351562,217.8053436279297,1319944
2011-07-20,241.10000610351562,245.6999969482422,241.10000610351562,243.75,221.3468780517578,1094025
2011-07-21,244.89999389648438,245.89999389648438,239.3000030517578,241.64999389648438,219.4398956298828,807459
2011-07-22,243.85000610351562,244.39999389648438,237.6999969482422,240.60000610351562,218.4864044189453,876927
2011-07-25,239.8000030517578,246.0,237.64999389648438,244.0,221.57391357421875,691119
2011-07-26,245.0,247.8000030517578,232.25,233.60000610351562,212.1297607421875,1611239
2011-07-27,233.25,237.60000610351562,231.85000610351562,236.60000610351562,216.70944213867188,1570628
2011-07-28,234.0,237.39999389648438,230.39999389648438,233.10000610351562,213.50369262695312,499367
2011-07-29,231.6999969482422,235.5,227.14999389648438,230.89999389648438,211.48861694335938,1430360
2011-08-01,233.60000610351562,237.39999389648438,229.1999969482422,230.75,211.35122680664062,548260
2011-08-02,228.8000030517578,229.89999389648438,224.10000610351562,227.85000610351562,208.69503784179688,665462
2011-08-03,219.10000610351562,225.0,215.14999389648438,222.9499969482422,204.20697021484375,1198044
2011-08-04,224.0,226.39999389648438,217.3000030517578,218.0500030517578,199.71890258789062,1022904
2011-08-05,212.89999389648438,213.89999389648438,203.6999969482422,210.25,192.57464599609375,1108230
2011-08-08,202.5,204.9499969482422,193.5500030517578,195.85000610351562,179.38522338867188,2703458
2011-08-09,188.6999969482422,203.60000610351562,185.3000030517578,200.6999969482422,183.82749938964844,2581733
2011-08-10,207.0,210.89999389648438,205.60000610351562,209.35000610351562,191.75030517578125,1114753
2011-08-11,207.10000610351562,209.0,204.14999389648438,206.60000610351562,189.2314910888672,776966
2011-08-12,208.89999389648438,209.75,199.5,200.89999389648438,184.01068115234375,959748
2011-08-16,203.10000610351562,204.25,187.0,189.0,173.111083984375,2116284
2011-08-17,185.39999389648438,185.5,173.39999389648438,177.60000610351562,162.6694793701172,2732527
2011-08-18,176.8000030517578,188.75,175.14999389648438,182.39999389648438,167.06593322753906,2530552
2011-08-19,179.10000610351562,188.0,175.5500030517578,186.89999389648438,171.18763732910156,1873712
2011-08-22,189.0,189.9499969482422,181.10000610351562,182.6999969482422,167.3406982421875,1350246
2011-08-23,184.10000610351562,186.39999389648438,181.0,182.60000610351562,167.24913024902344,906094
2011-08-24,183.8000030517578,185.8000030517578,180.4499969482422,181.75,166.4705810546875,558912
2011-08-25,182.39999389648438,188.0500030517578,180.8000030517578,186.60000610351562,170.91287231445312,1000928
2011-08-26,186.0,187.5500030517578,175.0,175.85000610351562,161.0666046142578,946399
2011-08-29,178.6999969482422,185.9499969482422,178.60000610351562,184.5,168.98939514160156,682829
2011-08-30,188.89999389648438,197.85000610351562,187.89999389648438,196.35000610351562,179.8431854248047,1229435
2011-09-02,192.0,209.8000030517578,190.1999969482422,208.0,190.51380920410156,2035808
2011-09-05,202.10000610351562,209.0,200.64999389648438,207.85000610351562,190.3763885498047,1088297
2011-09-06,205.0,205.89999389648438,195.0,198.64999389648438,181.9498291015625,1722567
2011-09-07,200.89999389648438,207.39999389648438,198.14999389648438,204.0,186.8500518798828,2053131
2011-09-08,204.89999389648438,207.5,203.3000030517578,204.85000610351562,187.6286163330078,722332
2011-09-09,205.75,205.75,199.0,199.60000610351562,182.81996154785156,844242
2011-09-12,196.25,199.5,194.5500030517578,195.39999389648438,178.97305297851562,756024
2011-09-13,197.3000030517578,202.4499969482422,196.5,198.9499969482422,182.224609375,1082145
2011-09-14,200.25,202.0,195.85000610351562,200.0500030517578,183.2321319580078,828572
2011-09-15,201.5,209.25,201.0,208.10000610351562,190.6053924560547,1259557
2011-09-16,210.5,213.5,207.3000030517578,209.4499969482422,191.84188842773438,1121246
2011-09-19,206.3000030517578,207.35000610351562,201.25,205.10000610351562,187.8575897216797,653652
2011-09-20,205.1999969482422,213.5500030517578,204.0500030517578,212.1999969482422,194.3607177734375,1139989
2011-09-21,212.9499969482422,215.0,210.3000030517578,213.10000610351562,195.18505859375,837477
2011-09-22,209.0,209.0,196.0,197.85000610351562,181.21710205078125,991505
2011-09-23,193.85000610351562,200.64999389648438,191.0,198.0,181.35447692871094,1209567
2011-09-26,198.6999969482422,203.0,192.0,200.39999389648438,183.5526885986328,912207
2011-09-27,205.0,218.4499969482422,205.0,217.35000610351562,199.0777587890625,1737728
2011-09-28,217.1999969482422,224.89999389648438,213.0,224.0500030517578,205.21449279785156,2297162
2011-09-29,220.0,225.6999969482422,217.5500030517578,223.60000610351562,204.8023223876953,1310197
2011-09-30,220.89999389648438,224.5,217.5,218.64999389648438,200.26846313476562,891913
2011-10-03,214.5,214.5,200.0,201.5500030517578,184.60604858398438,1003700
2011-10-04,197.8000030517578,204.6999969482422,196.39999389648438,201.14999389648438,184.23963928222656,1074987
2011-10-05,203.85000610351562,209.25,202.6999969482422,206.4499969482422,189.0940704345703,1034866
2011-10-07,214.39999389648438,220.64999389648438,213.0500030517578,218.4499969482422,200.08526611328125,1040711
2011-10-10,214.9499969482422,229.89999389648438,214.5,228.8000030517578,209.565185546875,1306662
2011-10-11,229.64999389648438,235.35000610351562,226.5,229.6999969482422,210.38949584960938,1109132
2011-10-12,230.5,237.8000030517578,225.1999969482422,236.60000610351562,216.70944213867188,1486847
2011-10-13,237.0,242.89999389648438,233.5,238.6999969482422,218.63287353515625,1644174
2011-10-14,235.1999969482422,235.1999969482422,228.75,232.3000030517578,212.7709503173828,1122808
2011-10-17,231.89999389648438,238.5,231.60000610351562,235.85000610351562,216.02247619628906,968110
2011-10-18,230.5,230.89999389648438,226.1999969482422,229.64999389648438,210.3437042236328,610442
2011-10-19,233.0,240.0,233.0,239.1999969482422,219.0908660888672,694657
2011-10-20,234.35000610351562,236.0,229.0500030517578,231.1999969482422,211.763427734375,764010
2011-10-21,224.25,229.5,221.25,225.0500030517578,206.1304168701172,1006087
2011-10-24,228.0,233.3000030517578,226.6999969482422,228.10000610351562,208.9240264892578,440258
2011-10-25,230.3000030517578,232.5,225.14999389648438,230.6999969482422,211.30543518066406,808094
2011-10-28,235.0500030517578,250.0,235.0500030517578,247.6999969482422,226.8762664794922,1180982
2011-10-31,246.10000610351562,248.0,240.35000610351562,242.0500030517578,221.70127868652344,707355
2011-11-01,238.0500030517578,242.0,234.3000030517578,236.75,216.84683227539062,611800
2011-11-02,232.0,239.1999969482422,232.0,235.89999389648438,216.0682830810547,587412
2011-11-03,234.0,248.0,233.0,245.14999389648438,224.5406494140625,1018026
2011-11-04,249.0,251.35000610351562,244.35000610351562,246.8000030517578,226.05194091796875,841005
2011-11-08,246.0,249.25,238.60000610351562,242.4499969482422,222.067626953125,817859
2011-11-09,243.0,244.0,232.25,233.75,214.0990447998047,1015031
2011-11-11,229.60000610351562,231.3000030517578,225.0,228.35000610351562,209.1529998779297,787413
2011-11-14,232.5,242.0,221.4499969482422,223.10000610351562,204.3443603515625,608123
2011-11-15,223.64999389648438,223.64999389648438,206.6999969482422,208.25,190.74278259277344,1224273
2011-11-16,206.5,214.64999389648438,204.10000610351562,210.9499969482422,193.21578979492188,1356885
2011-11-17,212.89999389648438,215.89999389648438,202.0,203.89999389648438,186.75845336914062,1154600
2011-11-18,202.0,205.75,197.60000610351562,204.35000610351562,187.17062377929688,1144012
2011-11-21,202.9499969482422,206.39999389648438,193.5,195.6999969482422,179.24781799316406,1157610
2011-11-22,197.0,202.75,195.3000030517578,200.75,183.87330627441406,1158208
2011-11-23,198.0,200.5,194.60000610351562,195.8000030517578,179.33941650390625,813688
2011-11-24,197.39999389648438,199.0,190.89999389648438,197.5500030517578,180.9423065185547,946460
2011-11-25,195.6999969482422,211.10000610351562,195.0,203.9499969482422,186.8042755126953,1655026
2011-11-28,208.5,211.0,207.14999389648438,209.39999389648438,191.79611206054688,757020
2011-11-29,211.0,211.64999389648438,201.1999969482422,202.75,185.70513916015625,819739
2011-11-30,200.8000030517578,208.5,198.9499969482422,207.10000610351562,189.689453125,1240110
2011-12-01,215.0,219.5,214.0,218.14999389648438,199.81048583984375,1236539
2011-12-02,215.8000030517578,224.9499969482422,215.25,223.39999389648438,204.619140625,1209878
2011-12-05,224.5,227.3000030517578,220.5500030517578,222.3000030517578,203.6116180419922,909937
2011-12-07,223.5,227.1999969482422,222.5,224.85000610351562,205.94725036621094,744862
2011-12-08,224.0,224.85000610351562,214.60000610351562,215.85000610351562,197.70387268066406,859218
2011-12-09,210.0,216.60000610351562,208.64999389648438,214.10000610351562,196.10098266601562,946422
2011-12-12,217.0500030517578,218.14999389648438,203.60000610351562,204.9499969482422,187.72019958496094,919998
2011-12-13,202.39999389648438,211.0,201.10000610351562,208.3000030517578,190.78855895996094,1107584
2011-12-14,208.0,209.5,199.5,200.85000610351562,183.96487426757812,1001247
2011-12-15,199.8000030517578,203.5,196.10000610351562,202.35000610351562,185.33877563476562,1009832
2011-12-16,205.89999389648438,207.35000610351562,193.0,194.89999389648438,178.5150604248047,955154
2011-12-19,194.0,194.0,184.75,188.9499969482422,173.06527709960938,1098521
2011-12-20,191.0,192.85000610351562,184.0,185.3000030517578,169.72215270996094,1175889
2011-12-21,191.5500030517578,192.8000030517578,184.5500030517578,188.5500030517578,172.6989288330078,1039158
2011-12-22,185.10000610351562,199.1999969482422,185.10000610351562,197.60000610351562,180.98809814453125,1216248
2011-12-23,199.0,201.85000610351562,192.5,193.9499969482422,177.6449432373047,1272055
2011-12-26,195.0,198.0,194.5,196.5500030517578,180.02638244628906,480499
2011-12-27,196.6999969482422,198.8000030517578,190.14999389648438,191.25,175.17193603515625,744455
2011-12-28,190.64999389648438,194.0500030517578,186.6999969482422,192.60000610351562,176.408447265625,877265
2011-12-29,193.5,193.89999389648438,185.5,186.8000030517578,171.09605407714844,776636
2011-12-30,187.5500030517578,189.39999389648438,181.5,183.0500030517578,167.6613006591797,1102732
2012-01-02,183.89999389648438,184.9499969482422,175.85000610351562,179.14999389648438,164.08914184570312,1388943
2012-01-03,182.5,192.3000030517578,181.6999969482422,191.39999389648438,175.30931091308594,1240302
2012-01-04,191.0,191.1999969482422,185.5,187.10000610351562,171.37083435058594,1155794
2012-01-05,185.8000030517578,187.4499969482422,178.1999969482422,179.5,164.4097137451172,4096642
2012-01-06,178.39999389648438,178.4499969482422,172.75,174.75,160.05906677246094,2767185
2012-01-09,176.60000610351562,179.0,174.0500030517578,177.85000610351562,162.89845275878906,1278089
2012-01-10,179.0,186.8000030517578,178.64999389648438,184.64999389648438,169.12677001953125,6232807
2012-01-11,186.35000610351562,194.60000610351562,185.10000610351562,190.9499969482422,174.89715576171875,4172041
2012-01-12,190.9499969482422,195.5,187.5,191.5500030517578,175.44671630859375,1775222
2012-01-13,193.1999969482422,200.5500030517578,191.89999389648438,196.60000610351562,180.0721893310547,2212437
2012-01-16,194.0,195.89999389648438,191.5,193.5500030517578,177.27859497070312,794159
2012-01-17,194.3000030517578,202.39999389648438,194.3000030517578,198.0500030517578,181.40028381347656,1637659
2012-01-18,199.75,204.1999969482422,184.60000610351562,201.14999389648438,184.23963928222656,1543654
2012-01-19,204.6999969482422,212.0,204.6999969482422,210.4499969482422,192.75782775878906,1529067
2012-01-20,213.4499969482422,216.89999389648438,211.60000610351562,213.9499969482422,195.9635772705078,1674512
2012-01-23,215.0,220.8000030517578,212.0,219.3000030517578,200.8638153076172,1275645
2012-01-24,219.3000030517578,224.60000610351562,214.6999969482422,218.8000030517578,200.40586853027344,1798498
2012-01-25,219.0,222.25,218.0,219.14999389648438,200.7264404296875,958123
2012-01-27,220.9499969482422,224.39999389648438,210.8000030517578,211.5500030517578,193.7653350830078,1499213
2012-01-30,209.85000610351562,213.0,204.10000610351562,205.0500030517578,187.81179809570312,1271454
2012-01-31,206.5,217.3000030517578,206.5,215.89999389648438,197.74964904785156,1276140
2012-02-01,215.0,219.85000610351562,210.0,217.0500030517578,198.80296325683594,1488806
2012-02-02,219.6999969482422,228.4499969482422,216.3000030517578,225.85000610351562,206.86318969726562,2531473
2012-02-03,226.10000610351562,231.64999389648438,224.39999389648438,230.3000030517578,210.93907165527344,1384222
2012-02-06,234.0,240.5,232.0,234.89999389648438,215.15234375,1213134
2012-02-07,237.0500030517578,237.89999389648438,227.10000610351562,228.64999389648438,209.42776489257812,896382
2012-02-08,229.6999969482422,237.5,229.6999969482422,235.4499969482422,215.65611267089844,1016141
2012-02-09,232.0,239.0,228.85000610351562,232.75,213.18309020996094,1817345
2012-02-10,235.10000610351562,235.85000610351562,224.4499969482422,230.6999969482422,211.30543518066406,1550085
2012-02-13,226.25,232.39999389648438,218.8000030517578,230.60000610351562,211.2138671875,1858222
2012-02-14,230.0,235.89999389648438,229.4499969482422,234.60000610351562,214.87757873535156,1165398
2012-02-15,238.8000030517578,250.3000030517578,237.5500030517578,248.8000030517578,227.88381958007812,1628627
2012-02-16,246.0,254.5,244.10000610351562,249.4499969482422,228.47915649414062,1476205
2012-02-17,256.0,259.79998779296875,252.10000610351562,253.85000610351562,232.50927734375,1319693
2012-02-21,253.6999969482422,260.5,251.35000610351562,258.70001220703125,236.95155334472656,842405
2012-02-22,259.0,261.3500061035156,236.25,238.8000030517578,218.72447204589844,1383797
2012-02-23,239.0,244.25,230.10000610351562,234.35000610351562,214.6486053466797,1143361
2012-02-24,238.0,239.75,225.25,226.89999389648438,207.82492065429688,927347
2012-02-27,227.0,227.89999389648438,214.0,215.5500030517578,197.42909240722656,865125
2012-02-28,217.64999389648438,227.5500030517578,216.60000610351562,225.85000610351562,206.86318969726562,1060382
2012-02-29,230.0,232.64999389648438,223.6999969482422,226.35000610351562,207.32115173339844,1150434
2012-03-01,224.8000030517578,224.9499969482422,197.25,214.64999389648438,196.604736328125,6017414
2012-03-02,210.0,210.0,200.0,203.85000610351562,186.7126922607422,3956943
2012-03-03,201.9499969482422,204.10000610351562,201.0,203.25,186.16311645507812,225952
2012-03-05,202.5,202.5,190.25,192.1999969482422,176.0420684814453,2045321
2012-03-06,191.0,204.5,186.5500030517578,197.4499969482422,180.85069274902344,2830161
2012-03-07,197.0,201.6999969482422,192.5,199.60000610351562,182.81996154785156,2277769
2012-03-09,202.0,205.9499969482422,201.39999389648438,203.75,186.62109375,1052870
2012-03-12,208.0,208.0,200.25,204.35000610351562,187.17062377929688,1184369
2012-03-13,207.10000610351562,211.39999389648438,205.5,207.64999389648438,190.19322204589844,1305311
2012-03-14,211.3000030517578,212.0,204.5,205.75,188.45294189453125,1072176
2012-03-15,204.10000610351562,204.5,194.60000610351562,195.9499969482422,179.47682189941406,1671211
2012-03-16,197.8000030517578,201.6999969482422,193.60000610351562,196.25,179.7515869140625,1809486
2012-03-19,195.0500030517578,198.4499969482422,191.10000610351562,192.9499969482422,176.72901916503906,1086396
2012-03-20,193.89999389648438,197.0,192.0,195.60000610351562,179.15625,1054158
2012-03-21,194.8000030517578,204.6999969482422,193.35000610351562,203.4499969482422,186.34629821777344,1405599
2012-03-22,201.0,205.64999389648438,192.5,193.25,177.00379943847656,1333591
2012-03-23,195.0,198.1999969482422,192.39999389648438,196.1999969482422,179.70579528808594,957260
2012-03-26,195.0,196.9499969482422,188.10000610351562,189.14999389648438,173.2484588623047,1082044
2012-03-27,193.25,198.0,191.1999969482422,197.3000030517578,180.71334838867188,1190423
2012-03-28,196.3000030517578,198.4499969482422,194.10000610351562,197.85000610351562,181.21710205078125,943271
2012-03-29,193.9499969482422,200.0,193.6999969482422,198.1999969482422,181.53765869140625,778499
2012-03-30,198.60000610351562,203.39999389648438,198.60000610351562,201.5,184.56024169921875,3823901
2012-04-02,201.0,209.1999969482422,200.25,207.3000030517578,189.87261962890625,1028861
2012-04-03,209.5,210.9499969482422,206.14999389648438,207.0,189.5978546142578,630615
2012-04-04,207.0,207.0,201.1999969482422,204.1999969482422,187.0332489013672,632284
2012-04-09,202.0,207.6999969482422,201.14999389648438,205.5,188.2239532470703,765619
2012-04-10,206.75,207.1999969482422,202.0,204.1999969482422,187.0332489013672,505360
2012-04-11,201.75,205.4499969482422,200.6999969482422,201.6999969482422,184.74342346191406,551980
2012-04-12,202.5,204.89999389648438,197.1999969482422,199.5,182.72837829589844,1061685
2012-04-13,201.5,204.1999969482422,196.5,197.85000610351562,181.21710205078125,1573583
2012-04-16,197.6999969482422,201.60000610351562,196.5,199.5,182.72837829589844,624129
2012-04-17,200.6999969482422,206.0,197.4499969482422,205.0,187.76600646972656,1227559
2012-04-18,206.89999389648438,207.64999389648438,200.0,200.8000030517578,183.91909790039062,993025
2012-04-19,200.39999389648438,203.39999389648438,198.0,200.8000030517578,183.91909790039062,1003733
2012-04-20,200.0,202.64999389648438,195.5500030517578,197.3000030517578,180.71334838867188,937247
2012-04-23,195.25,196.1999969482422,188.1999969482422,189.0,173.111083984375,1093078
2012-04-24,189.0500030517578,189.5,183.8000030517578,186.25,170.59230041503906,914345
2012-04-25,185.0,187.85000610351562,182.8000030517578,185.75,170.1343231201172,895310
2012-04-26,188.0,188.5,181.0,181.60000610351562,166.33319091796875,790656
2012-04-27,182.0,184.8000030517578,175.14999389648438,181.35000610351562,166.10423278808594,1241878
2012-04-30,181.4499969482422,189.1999969482422,181.3000030517578,186.89999389648438,171.18763732910156,832108
2012-05-02,188.0,193.10000610351562,188.0,192.0,175.85890197753906,863980
2012-05-03,191.10000610351562,191.5500030517578,186.10000610351562,187.4499969482422,171.69140625,535153
2012-05-04,185.9499969482422,185.9499969482422,178.6999969482422,181.85000610351562,166.5621795654297,790531
2012-05-07,178.9499969482422,192.0,176.9499969482422,189.75,173.7980499267578,848678
2012-05-08,190.9499969482422,196.39999389648438,188.0,190.0500030517578,174.07278442382812,1414234
2012-05-09,188.10000610351562,188.10000610351562,181.10000610351562,182.10000610351562,166.79119873046875,677890
2012-05-10,184.10000610351562,188.5,183.64999389648438,186.1999969482422,170.54649353027344,834062
2012-05-11,185.9499969482422,190.8000030517578,181.5,187.3000030517578,171.55401611328125,836201
2012-05-14,187.10000610351562,189.8000030517578,180.8000030517578,182.35000610351562,167.0201416015625,667392
2012-05-15,182.0,187.8000030517578,180.0,186.89999389648438,171.18763732910156,760114
2012-05-16,184.5,184.5,180.25,181.5500030517578,166.2873992919922,601553
2012-05-17,182.35000610351562,187.89999389648438,182.35000610351562,184.85000610351562,169.30996704101562,796626
2012-05-18,181.5500030517578,188.0,181.14999389648438,186.1999969482422,170.54649353027344,535616
2012-05-21,187.5,191.5,187.5,189.4499969482422,173.5232696533203,431988
2012-05-22,192.0,193.0500030517578,184.89999389648438,185.9499969482422,170.31748962402344,560019
2012-05-23,186.0500030517578,186.0500030517578,182.35000610351562,183.75,168.30242919921875,423071
2012-05-24,184.1999969482422,187.39999389648438,181.10000610351562,184.9499969482422,169.40158081054688,486900
2012-05-25,184.9499969482422,189.5,184.1999969482422,188.4499969482422,172.60731506347656,475523
2012-05-28,189.0,191.0,185.5,189.14999389648438,173.2484588623047,432601
2012-05-29,190.0,190.6999969482422,186.25,188.10000610351562,172.28675842285156,457534
2012-05-30,187.0,187.0,182.0,183.35000610351562,167.9360809326172,538290
2012-05-31,180.0,186.0500030517578,178.0,184.8000030517578,169.26419067382812,811392
2012-06-01,183.0,185.0,181.14999389648438,182.39999389648438,167.06593322753906,436170
2012-06-04,180.0,187.25,169.5500030517578,186.0,170.36331176757812,1591279
2012-06-05,187.0,187.5500030517578,182.0,183.25,167.84449768066406,744890
2012-06-06,184.60000610351562,189.39999389648438,184.39999389648438,188.14999389648438,172.33255004882812,640683
2012-06-07,190.0,195.1999969482422,188.6999969482422,194.0,177.69073486328125,1069603
2012-06-08,193.85000610351562,197.10000610351562,191.10000610351562,196.39999389648438,179.8889923095703,1179091
2012-06-11,197.5500030517578,199.8000030517578,192.0500030517578,193.3000030517578,177.04957580566406,764363
2012-06-12,191.89999389648438,198.3000030517578,190.89999389648438,197.5500030517578,180.9423065185547,770910
2012-06-13,198.35000610351562,199.4499969482422,194.64999389648438,195.8000030517578,179.33941650390625,776181
2012-06-14,195.0,196.35000610351562,190.8000030517578,191.5,175.40090942382812,522555
2012-06-15,192.0,197.3000030517578,192.0,196.8000030517578,180.25535583496094,536263
2012-06-18,198.0,201.35000610351562,186.8000030517578,187.8000030517578,172.011962890625,1052455
2012-06-19,186.89999389648438,190.14999389648438,184.0,188.60000610351562,172.74472045898438,921626
2012-06-20,187.0,188.9499969482422,185.10000610351562,186.39999389648438,170.7296600341797,651707
2012-06-21,186.0,194.14999389648438,185.1999969482422,193.4499969482422,177.18698120117188,1073004
2012-06-22,190.89999389648438,195.0,189.0,193.4499969482422,177.18698120117188,1019130
2012-06-25,196.5,197.4499969482422,190.0,190.75,174.71395874023438,717773
2012-06-26,192.0,192.64999389648438,189.14999389648438,191.25,175.17193603515625,469887
2012-06-27,192.0,194.0,191.0,191.9499969482422,175.8130645751953,570495
2012-06-28,192.0,194.5,191.3000030517578,193.85000610351562,177.55335998535156,437475
2012-06-29,196.25,199.64999389648438,196.25,198.39999389648438,181.72084045410156,647370
2012-07-02,199.0,206.0,197.89999389648438,204.60000610351562,187.3996124267578,972847
2012-07-03,206.10000610351562,214.5,206.0,213.35000610351562,195.41403198242188,1574148
2012-07-04,214.10000610351562,218.3000030517578,212.1999969482422,217.0500030517578,198.80296325683594,1001866
2012-07-05,216.5500030517578,216.89999389648438,213.0,214.5500030517578,196.51312255859375,576062
2012-07-06,213.75,213.89999389648438,209.5500030517578,211.25,193.49057006835938,419622
2012-07-09,211.10000610351562,214.6999969482422,209.10000610351562,213.64999389648438,195.6887969970703,1168654
2012-07-10,215.0,215.8000030517578,212.1999969482422,214.8000030517578,196.74212646484375,677823
2012-07-11,213.89999389648438,214.35000610351562,209.5500030517578,210.3000030517578,192.6204376220703,501660
2012-07-12,209.0,211.8000030517578,206.3000030517578,210.8000030517578,193.07839965820312,591844
2012-07-13,210.0,212.5500030517578,207.0,208.0500030517578,190.55958557128906,498595
2012-07-16,210.0,210.5,203.3000030517578,205.39999389648438,188.13235473632812,586751
2012-07-17,206.5,207.60000610351562,201.6999969482422,202.35000610351562,185.33877563476562,573269
2012-07-18,202.1999969482422,206.75,200.0500030517578,205.5,188.2239532470703,671611
2012-07-19,208.0,209.89999389648438,206.25,206.9499969482422,189.55206298828125,494370
2012-07-20,207.0,207.39999389648438,202.1999969482422,204.5500030517578,187.3538360595703,365188
2012-07-23,202.6999969482422,202.6999969482422,197.10000610351562,198.35000610351562,181.67503356933594,408950
2012-07-24,199.0,202.25,196.89999389648438,200.5500030517578,183.6901092529297,454860
2012-07-25,200.5,204.6999969482422,198.25,203.39999389648438,186.30052185058594,548364
2012-07-26,204.0,205.14999389648438,195.6999969482422,197.60000610351562,180.98809814453125,412011
2012-07-27,200.0,202.9499969482422,192.85000610351562,194.60000610351562,178.2403106689453,555513
2012-07-30,194.39999389648438,202.35000610351562,194.10000610351562,201.25,184.3312530517578,527484
2012-07-31,202.9499969482422,209.0,200.0,208.3000030517578,190.78855895996094,971778
2012-08-01,209.10000610351562,210.6999969482422,206.8000030517578,208.25,190.74278259277344,457771
2012-08-02,208.0,210.39999389648438,206.5500030517578,207.9499969482422,190.4679718017578,327987
2012-08-03,206.5,208.5,202.6999969482422,207.10000610351562,189.689453125,394981
2012-08-06,208.60000610351562,213.4499969482422,208.10000610351562,211.25,193.49057006835938,608758
2012-08-07,211.4499969482422,221.0,211.25,217.5500030517578,199.2609405517578,801373
2012-08-08,219.14999389648438,220.0,211.0,212.25,194.406494140625,721647
2012-08-09,212.64999389648438,215.14999389648438,208.60000610351562,210.5500030517578,192.84942626953125,582216
2012-08-10,209.9499969482422,211.8000030517578,208.3000030517578,210.25,192.57464599609375,395236
2012-08-13,210.35000610351562,218.25,210.25,217.5500030517578,199.2609405517578,528892
2012-08-14,218.10000610351562,219.1999969482422,213.1999969482422,215.8000030517578,197.65805053710938,676076
2012-08-16,216.6999969482422,219.1999969482422,214.5,215.64999389648438,197.5206756591797,395475
2012-08-17,214.10000610351562,215.6999969482422,207.8000030517578,210.0500030517578,192.39146423339844,688786
2012-08-21,210.0,217.0,209.3000030517578,216.0,197.84124755859375,452799
2012-08-22,215.5,217.6999969482422,213.4499969482422,214.8000030517578,196.74212646484375,398637
2012-08-23,215.5,216.6999969482422,212.0,214.14999389648438,196.14675903320312,441283
2012-08-24,212.5500030517578,214.5,207.10000610351562,207.64999389648438,191.98622131347656,617675
2012-08-27,206.5,208.35000610351562,200.10000610351562,201.10000610351562,185.9303436279297,400543
2012-08-28,200.10000610351562,203.64999389648438,197.5,200.6999969482422,185.56048583984375,616692
2012-08-29,204.0,204.0,190.3000030517578,191.5,177.05445861816406,668172
2012-08-30,190.89999389648438,199.64999389648438,188.25,198.5,183.52645874023438,1064397
2012-08-31,196.0,199.0500030517578,193.10000610351562,195.9499969482422,181.16879272460938,515958
2012-09-03,195.89999389648438,198.5,193.10000610351562,194.6999969482422,180.01307678222656,361750
2012-09-04,194.0500030517578,198.39999389648438,194.0500030517578,197.3000030517578,182.41697692871094,326701
2012-09-05,195.5,196.4499969482422,191.60000610351562,192.9499969482422,178.39511108398438,338434
2012-09-06,192.5,195.5,192.0,193.0,178.44134521484375,249867
2012-09-07,196.6999969482422,204.89999389648438,196.5500030517578,203.14999389648438,187.82566833496094,597544
2012-09-08,204.4499969482422,205.0,202.3000030517578,204.14999389648438,188.750244140625,60468
2012-09-10,204.39999389648438,205.14999389648438,200.39999389648438,202.0500030517578,186.80865478515625,388605
2012-09-11,201.5,202.0,198.0,200.89999389648438,185.74542236328125,323848
2012-09-12,202.0500030517578,203.8000030517578,199.4499969482422,202.64999389648438,187.36337280273438,353895
2012-09-13,203.0,203.39999389648438,200.1999969482422,201.6999969482422,186.4850616455078,286218
2012-09-14,209.0,217.89999389648438,206.0,216.8000030517578,200.4459991455078,975594
2012-09-17,219.5,234.10000610351562,219.5,230.8000030517578,213.3899383544922,1351355
2012-09-18,229.5,231.0,225.4499969482422,227.0500030517578,209.9228057861328,611507
2012-09-20,225.0,233.4499969482422,222.10000610351562,230.14999389648438,212.78897094726562,1002766
2012-09-21,231.5,239.14999389648438,231.5,235.25,217.50425720214844,789939
2012-09-24,234.0,241.75,233.5500030517578,234.75,217.04197692871094,801972
2012-09-25,235.1999969482422,239.89999389648438,231.14999389648438,235.9499969482422,218.15145874023438,635872
2012-09-26,234.8000030517578,240.39999389648438,231.89999389648438,233.6999969482422,216.07118225097656,861937
2012-09-27,234.5,236.75,232.3000030517578,235.85000610351562,218.05897521972656,526961
2012-09-28,237.5,244.64999389648438,233.0,233.8000030517578,216.1636505126953,1006456
2012-10-01,235.0500030517578,235.60000610351562,226.8000030517578,228.89999389648438,211.63327026367188,1180623
2012-10-03,230.14999389648438,232.25,227.1999969482422,228.85000610351562,211.5870361328125,818617
2012-10-04,230.0500030517578,243.0,230.0500030517578,241.1999969482422,223.0054168701172,1216709
2012-10-05,244.60000610351562,245.0,233.3000030517578,241.75,223.51393127441406,1299671
2012-10-08,237.0,237.0,223.1999969482422,224.25,207.33404541015625,1997946
2012-10-09,221.0,225.6999969482422,219.10000610351562,224.1999969482422,207.2877960205078,1903521
2012-10-10,219.60000610351562,219.60000610351562,211.5500030517578,213.0,196.93267822265625,1633626
2012-10-11,212.0,222.60000610351562,212.0,221.35000610351562,204.6527862548828,1537646
2012-10-12,221.5,223.6999969482422,217.0500030517578,218.89999389648438,202.38760375976562,1109930
2012-10-15,218.0,219.10000610351562,215.0,217.25,200.86207580566406,609143
2012-10-16,218.39999389648438,220.8000030517578,206.6999969482422,208.0,192.30982971191406,1251452
2012-10-17,206.9499969482422,210.75,199.64999389648438,201.0,185.83786010742188,2159487
2012-10-18,204.0,207.1999969482422,201.25,205.25,189.76727294921875,1579327
2012-10-19,202.64999389648438,208.39999389648438,202.64999389648438,206.0500030517578,190.50689697265625,1127878
2012-10-22,204.1999969482422,207.4499969482422,203.64999389648438,206.85000610351562,191.24659729003906,721234
2012-10-23,206.89999389648438,209.25,204.60000610351562,205.35000610351562,189.85971069335938,633133
2012-10-25,207.0,207.0,201.3000030517578,204.8000030517578,189.35121154785156,701470
2012-10-29,202.0500030517578,206.39999389648438,201.75,203.5500030517578,188.19549560546875,519272
2012-10-30,203.6999969482422,205.5,197.1999969482422,199.0500030517578,184.0349578857422,779714
2012-10-31,199.8000030517578,203.4499969482422,195.5500030517578,202.6999969482422,187.40963745117188,844774
2012-11-01,206.0,206.0,201.5,204.35000610351562,188.93515014648438,517945
2012-11-02,207.0,208.0,204.35000610351562,205.25,189.76727294921875,512954
2012-11-05,205.0,205.0,201.6999969482422,202.6999969482422,187.40963745117188,454809
2012-11-06,202.39999389648438,206.89999389648438,201.89999389648438,206.39999389648438,190.8305206298828,544099
2012-11-07,205.3000030517578,212.1999969482422,205.3000030517578,210.9499969482422,195.03729248046875,754977
2012-11-08,208.5,214.4499969482422,208.0,213.75,197.62608337402344,712215
2012-11-09,214.5500030517578,217.4499969482422,209.14999389648438,211.25,195.31466674804688,759708
2012-11-12,209.5,210.5500030517578,204.8000030517578,206.14999389648438,190.599365234375,692187
2012-11-15,200.25,210.4499969482422,199.4499969482422,209.3000030517578,193.51174926757812,786603
2012-11-16,208.10000610351562,213.0,202.0,203.8000030517578,188.42665100097656,826032
2012-11-19,203.5,205.85000610351562,200.3000030517578,204.64999389648438,189.2125244140625,630001
2012-11-20,205.5,207.35000610351562,198.64999389648438,199.64999389648438,184.58969116210938,721359
2012-11-21,201.0,203.1999969482422,196.8000030517578,201.89999389648438,186.66995239257812,732658
2012-11-22,202.85000610351562,203.85000610351562,199.35000610351562,200.89999389648438,185.74542236328125,593401
2012-11-23,201.4499969482422,202.39999389648438,197.5500030517578,200.6999969482422,185.56048583984375,631974
2012-11-26,201.6999969482422,202.0,199.14999389648438,200.35000610351562,185.23690795898438,405398
2012-11-27,202.0,206.6999969482422,201.0,205.14999389648438,189.6748046875,624542
2012-11-29,205.14999389648438,209.89999389648438,205.14999389648438,208.60000610351562,192.8645782470703,566329
2012-11-30,211.0,211.89999389648438,207.60000610351562,210.10000610351562,194.2514190673828,799038
2012-12-03,212.39999389648438,212.39999389648438,209.1999969482422,210.64999389648438,194.7599334716797,564598
2012-12-04,209.89999389648438,214.89999389648438,209.60000610351562,212.8000030517578,196.7477569580078,816922
2012-12-05,214.60000610351562,224.0,213.89999389648438,222.35000610351562,205.5773468017578,1731902
2012-12-06,224.0,227.5,220.0500030517578,226.39999389648438,209.32183837890625,1510835
2012-12-07,226.5,228.9499969482422,219.0,220.6999969482422,204.05181884765625,1320151
2012-12-10,222.25,225.10000610351562,220.0500030517578,221.9499969482422,205.20751953125,789714
2012-12-11,223.0,225.1999969482422,215.10000610351562,217.85000610351562,201.41680908203125,914358
2012-12-12,220.0,220.0,215.8000030517578,217.3000030517578,200.90830993652344,542812
2012-12-13,218.85000610351562,220.39999389648438,213.5500030517578,214.4499969482422,198.2732696533203,760695
2012-12-14,216.5,219.35000610351562,215.3000030517578,217.75,201.32435607910156,609493
2012-12-17,218.64999389648438,219.6999969482422,216.8000030517578,218.1999969482422,201.7404022216797,480096
2012-12-18,218.1999969482422,224.0,215.60000610351562,223.5500030517578,206.68682861328125,846032
2012-12-19,225.35000610351562,228.5,223.39999389648438,225.5500030517578,208.5359649658203,1115000
2012-12-20,224.64999389648438,227.60000610351562,220.3000030517578,225.75,208.7208709716797,894482
2012-12-21,224.39999389648438,227.6999969482422,218.85000610351562,219.5500030517578,202.98858642578125,1090512
2012-12-24,221.0,224.3000030517578,220.0,223.39999389648438,206.5481414794922,478973
2012-12-26,224.3000030517578,226.8000030517578,223.89999389648438,225.60000610351562,208.58221435546875,584238
2012-12-27,225.5,227.0500030517578,222.8000030517578,225.0,208.02745056152344,604534
2012-12-28,226.5,226.6999969482422,223.60000610351562,224.60000610351562,207.6576385498047,301207
2012-12-31,224.5,232.39999389648438,224.5,230.5,213.1125946044922,894728
2013-01-01,233.5,235.89999389648438,231.85000610351562,235.25,217.50425720214844,679778
2013-01-02,236.14999389648438,238.89999389648438,234.5,235.1999969482422,217.45802307128906,476373
2013-01-03,237.14999389648438,240.0,233.5500030517578,238.60000610351562,220.60157775878906,717202
2013-01-04,235.0,238.60000610351562,233.10000610351562,237.75,219.815673828125,744611
2013-01-07,235.1999969482422,238.75,233.10000610351562,234.89999389648438,217.1806640625,471020
2013-01-08,234.39999389648438,237.35000610351562,232.64999389648438,236.64999389648438,218.7986602783203,487307
2013-01-09,237.0,239.5,233.0,233.89999389648438,216.256103515625,552357
2013-01-10,235.0,236.3000030517578,231.89999389648438,233.35000610351562,215.74757385253906,524850
2013-01-11,233.5,234.75,229.0,230.0500030517578,212.696533203125,458980
2013-01-14,229.6999969482422,249.3000030517578,229.6999969482422,247.8000030517578,229.10755920410156,1475562
2013-01-15,248.8000030517578,254.39999389648438,246.64999389648438,252.5,233.4530487060547,1389200
2013-01-16,252.0,253.3000030517578,247.6999969482422,248.60000610351562,229.84722900390625,1209752
2013-01-17,249.0,259.25,248.39999389648438,257.3500061035156,237.93719482421875,1264618
2013-01-18,258.79998779296875,263.20001220703125,253.9499969482422,262.1499938964844,242.37509155273438,1356105
2013-01-21,260.29998779296875,262.0,254.39999389648438,256.75,237.38243103027344,720476
2013-01-22,256.75,258.70001220703125,249.75,253.3000030517578,234.19268798828125,639893
2013-01-23,255.1999969482422,258.3500061035156,247.35000610351562,251.4499969482422,232.4822235107422,839937
2013-01-24,252.0,257.0,244.0,251.1999969482422,232.25108337402344,1208386
2013-01-25,247.5,261.79998779296875,245.60000610351562,259.79998779296875,240.20233154296875,1425801
2013-01-28,260.20001220703125,268.20001220703125,260.20001220703125,266.95001220703125,246.8130340576172,1035633
2013-01-29,266.0,272.79998779296875,261.0,263.5,243.62326049804688,1471949
2013-01-30,265.0,274.79998779296875,264.8500061035156,272.70001220703125,252.12930297851562,1645126
2013-01-31,271.1000061035156,279.3999938964844,271.0,277.79998779296875,256.84454345703125,1825184
2013-02-01,277.0,277.8500061035156,264.5,267.95001220703125,247.73757934570312,1212875
2013-02-04,268.5,276.3999938964844,268.04998779296875,270.04998779296875,249.67918395996094,886992
2013-02-05,268.0,274.95001220703125,266.0,272.6499938964844,252.08306884765625,958714
2013-02-06,274.0,277.6000061035156,271.75,273.04998779296875,252.452880859375,677993
2013-02-07,272.0,274.79998779296875,267.79998779296875,269.75,249.40184020996094,756876
2013-02-08,270.0,272.6000061035156,267.0,268.1499938964844,247.92250061035156,512841
2013-02-11,269.0,273.5,268.1000061035156,271.45001220703125,250.9735565185547,569261
2013-02-12,270.5,273.20001220703125,263.25,267.5,247.32150268554688,782422
2013-02-13,268.0,270.3500061035156,255.60000610351562,258.5,239.00045776367188,781069
2013-02-14,259.70001220703125,261.8500061035156,251.75,253.9499969482422,234.7936248779297,981329
2013-02-15,247.0,252.3000030517578,242.64999389648438,248.8000030517578,230.0321502685547,997431
2013-02-18,250.39999389648438,262.79998779296875,250.39999389648438,261.45001220703125,241.72793579101562,1275881
2013-02-19,263.3500061035156,271.0,261.3500061035156,270.0,249.6329345703125,1275843
2013-02-20,272.0,281.6000061035156,270.6499938964844,279.70001220703125,258.6012268066406,1931252
2013-02-21,275.8999938964844,279.29998779296875,268.95001220703125,272.3999938964844,251.85189819335938,1325556
2013-02-22,271.95001220703125,283.0,271.95001220703125,281.0,259.80316162109375,1518579
2013-02-25,282.3999938964844,283.0,270.8500061035156,271.70001220703125,251.2047119140625,1088383
2013-02-26,271.1000061035156,276.0,267.3500061035156,269.3500061035156,249.03201293945312,1153995
2013-02-27,273.1000061035156,279.20001220703125,269.1000061035156,277.54998779296875,256.6134033203125,1033986
2013-02-28,280.0,287.3999938964844,274.54998779296875,276.79998779296875,255.9199676513672,1627202
2013-03-01,274.95001220703125,277.79998779296875,258.3500061035156,259.5,239.92498779296875,1439853
2013-03-04,259.3500061035156,260.29998779296875,248.64999389648438,250.6999969482422,231.78878784179688,845014
2013-03-05,252.1999969482422,260.45001220703125,251.0,259.6499938964844,240.06369018554688,744676
2013-03-06,262.0,272.75,262.0,269.54998779296875,249.2168731689453,1266587
2013-03-07,269.0,280.3999938964844,266.1499938964844,279.3500061035156,258.27764892578125,2199940
2013-03-08,281.0,282.3500061035156,273.79998779296875,277.79998779296875,256.84454345703125,1384157
2013-03-11,278.70001220703125,288.0,276.25,285.70001220703125,264.14862060546875,1400146
2013-03-12,286.6499938964844,289.20001220703125,281.25,283.79998779296875,262.3919677734375,1289476
2013-03-13,280.20001220703125,284.75,279.0,280.5,259.34088134765625,893981
2013-03-14,280.0,285.75,277.20001220703125,284.70001220703125,263.2240905761719,1167151
2013-03-15,284.70001220703125,286.3500061035156,271.75,272.75,252.17550659179688,1212107
2013-03-18,270.0,271.70001220703125,266.0,270.45001220703125,250.0490264892578,802061
2013-03-19,272.70001220703125,273.70001220703125,257.75,259.04998779296875,239.5089111328125,1665235
2013-03-20,259.8999938964844,263.8500061035156,246.5,248.64999389648438,229.89344787597656,1551300
2013-03-21,249.89999389648438,252.5,237.5,239.39999389648438,221.3411865234375,1341715
2013-03-22,236.10000610351562,239.60000610351562,227.6999969482422,231.0500030517578,213.62109375,1604518
2013-03-25,236.0,246.9499969482422,234.85000610351562,242.10000610351562,223.8375244140625,2200175
2013-03-26,241.8000030517578,241.8000030517578,232.6999969482422,236.1999969482422,218.38258361816406,1083554
2013-03-28,235.0,237.64999389648438,227.8000030517578,234.64999389648438,216.94952392578125,1028252
2013-04-01,238.6999969482422,254.3000030517578,236.85000610351562,253.1999969482422,234.10023498535156,1983588
2013-04-02,252.1999969482422,258.29998779296875,248.0,255.89999389648438,236.5965576171875,1349251
2013-04-03,254.6999969482422,257.95001220703125,244.0,245.39999389648438,226.8885955810547,1161019
2013-04-04,244.0,244.25,234.10000610351562,235.25,217.50425720214844,1045929
2013-04-05,236.5,240.8000030517578,230.10000610351562,232.9499969482422,215.37774658203125,1183472
2013-04-08,234.3000030517578,236.5,231.3000030517578,233.39999389648438,215.79379272460938,749545
2013-04-09,236.75,238.0,228.5,230.0,212.65028381347656,1085457
2013-04-10,231.3000030517578,235.75,228.4499969482422,235.1999969482422,217.45802307128906,957307
2013-04-11,237.0,249.6999969482422,236.35000610351562,246.75,228.13674926757812,2073419
2013-04-12,244.0,249.39999389648438,242.0,246.4499969482422,227.8594207763672,996083
2013-04-15,244.89999389648438,249.5,241.1999969482422,242.14999389648438,223.88377380371094,904815
2013-04-16,242.89999389648438,247.0,239.60000610351562,245.35000610351562,226.84239196777344,1014604
2013-04-17,246.6999969482422,251.6999969482422,242.5500030517578,243.3000030517578,224.94703674316406,1027017
2013-04-18,242.1999969482422,249.10000610351562,242.1999969482422,247.85000610351562,229.15379333496094,692085
2013-04-22,248.1999969482422,253.10000610351562,242.10000610351562,251.10000610351562,232.15863037109375,1146867
2013-04-23,251.0,253.25,245.5500030517578,246.85000610351562,228.22923278808594,943010
2013-04-25,249.0,249.9499969482422,241.75,242.5,224.20738220214844,836019
2013-04-26,243.0,247.4499969482422,236.0,237.64999389648438,219.7232208251953,951585
2013-04-29,238.14999389648438,243.4499969482422,235.60000610351562,241.5500030517578,223.3290252685547,846625
2013-04-30,243.0,245.89999389648438,234.8000030517578,238.0500030517578,220.09304809570312,774402
2013-05-02,236.0,241.5,235.0,239.10000610351562,221.0638427734375,713210
2013-05-03,238.6999969482422,240.35000610351562,230.25,231.5,214.03712463378906,1181626
2013-05-06,232.0,234.0,229.6999969482422,232.8000030517578,215.2390594482422,789776
2013-05-07,234.0,240.75,233.8000030517578,239.35000610351562,221.29498291015625,903622
2013-05-08,241.0,243.39999389648438,234.35000610351562,237.10000610351562,219.21469116210938,1124865
2013-05-09,238.0,239.6999969482422,233.9499969482422,234.5500030517578,216.8570556640625,729015
2013-05-10,235.0,238.9499969482422,232.10000610351562,237.39999389648438,219.49209594726562,718629
2013-05-13,234.0,235.9499969482422,230.60000610351562,232.0,214.49940490722656,572675
2013-05-14,232.0,237.3000030517578,228.5500030517578,230.3000030517578,212.92764282226562,1290681
2013-05-15,234.0,243.6999969482422,232.60000610351562,241.64999389648438,223.4214630126953,1397946
2013-05-16,242.0,247.3000030517578,240.5500030517578,242.85000610351562,224.53097534179688,1206459
2013-05-17,242.3000030517578,250.5,241.4499969482422,249.4499969482422,230.63311767578125,1126510
2013-05-20,250.39999389648438,254.75,247.25,248.0500030517578,229.3386993408203,843347
2013-05-21,248.89999389648438,250.10000610351562,239.60000610351562,240.64999389648438,222.49691772460938,645710
2013-05-22,242.6999969482422,242.6999969482422,224.5,227.10000610351562,209.9690704345703,1254333
2013-05-23,225.5,225.5,208.35000610351562,211.0500030517578,195.1297607421875,2062823
2013-05-24,212.8000030517578,217.5500030517578,205.6999969482422,211.6999969482422,195.730712890625,1576257
2013-05-27,212.10000610351562,216.39999389648438,209.5,215.4499969482422,199.19784545898438,1008869
2013-05-28,215.8000030517578,216.85000610351562,212.3000030517578,213.85000610351562,197.71853637695312,970651
2013-05-29,215.0,215.0,208.64999389648438,210.5500030517578,194.66749572753906,902664
2013-05-30,209.0500030517578,209.10000610351562,202.60000610351562,206.0,190.460693359375,1715782
2013-05-31,205.0,205.10000610351562,193.1999969482422,194.85000610351562,180.15179443359375,1847354
2013-06-03,194.85000610351562,197.9499969482422,191.4499969482422,195.64999389648438,180.89141845703125,1121189
2013-06-04,195.0,200.1999969482422,191.8000030517578,192.89999389648438,178.34886169433594,976980
2013-06-05,191.0,199.89999389648438,188.8000030517578,199.0,183.98873901367188,1462511
2013-06-06,197.0,204.4499969482422,195.0,202.5,187.22470092773438,1241537
2013-06-07,202.9499969482422,205.39999389648438,197.60000610351562,198.39999389648438,183.43399047851562,1045669
2013-06-10,200.60000610351562,202.6999969482422,193.85000610351562,196.14999389648438,181.3536834716797,691923
2013-06-11,194.89999389648438,195.0,184.0,186.89999389648438,172.80148315429688,1109099
2013-06-12,186.0,192.3000030517578,185.0,189.6999969482422,175.39024353027344,936692
2013-06-13,187.39999389648438,190.5,184.5,186.5,172.431640625,731185
2013-06-14,190.0,192.14999389648438,188.0,189.9499969482422,175.6214141845703,652593
2013-06-17,191.14999389648438,191.4499969482422,185.0500030517578,190.14999389648438,175.80630493164062,666294
2013-06-18,190.6999969482422,193.3000030517578,187.10000610351562,188.8000030517578,174.5581512451172,894206
2013-06-19,188.39999389648438,190.39999389648438,187.10000610351562,189.0500030517578,174.789306640625,627514
2013-06-20,185.9499969482422,185.9499969482422,173.5,175.5,162.26141357421875,2482404
2013-06-21,174.39999389648438,178.39999389648438,170.0,175.0,161.7991180419922,1072255
2013-06-24,174.0,174.0,161.25,164.3000030517578,151.90626525878906,1430551
2013-06-25,166.89999389648438,170.64999389648438,164.14999389648438,166.5,153.94032287597656,1461818
2013-06-26,169.0,170.64999389648438,166.8000030517578,168.64999389648438,155.9281463623047,1018168
2013-06-27,172.0,178.0,169.89999389648438,176.1999969482422,162.90859985351562,937344
2013-06-28,179.89999389648438,182.1999969482422,176.89999389648438,180.85000610351562,167.20785522460938,705941
2013-07-01,180.8000030517578,192.0,179.75,189.14999389648438,174.88172912597656,1053219
2013-07-02,190.0,190.0,182.25,183.4499969482422,169.6116943359375,691646
2013-07-03,180.64999389648438,180.64999389648438,174.6999969482422,175.85000610351562,162.58502197265625,654288
2013-07-04,176.64999389648438,183.3000030517578,173.25,178.64999389648438,165.1737823486328,893723
2013-07-05,181.5,183.5,175.10000610351562,177.6999969482422,164.2954559326172,652689
2013-07-08,174.0,183.0,170.89999389648438,175.25,162.03028869628906,661846
2013-07-09,176.64999389648438,179.14999389648438,173.75,177.0,163.6482696533203,562900
2013-07-10,179.14999389648438,179.14999389648438,172.6999969482422,173.6999969482422,160.59716796875,609669
2013-07-11,177.0,180.0,176.60000610351562,178.3000030517578,164.8502197265625,548490
2013-07-12,179.0,179.85000610351562,174.25,176.9499969482422,163.60203552246094,530686
2013-07-15,176.8000030517578,180.5500030517578,174.14999389648438,178.4499969482422,164.9888916015625,955438
2013-07-16,173.25,173.39999389648438,163.85000610351562,164.64999389648438,152.2298583984375,1935971
2013-07-17,165.0,166.35000610351562,162.1999969482422,165.5500030517578,153.06199645996094,978945
2013-07-18,166.35000610351562,172.0,166.35000610351562,171.25,158.3319854736328,880879
2013-07-19,171.25,174.3000030517578,166.75,168.25,155.5583038330078,766441
2013-07-22,168.5,171.4499969482422,165.60000610351562,169.64999389648438,156.85267639160156,545973
2013-07-23,171.4499969482422,177.6999969482422,171.0500030517578,174.5500030517578,161.38308715820312,937778
2013-07-24,171.8000030517578,175.89999389648438,166.5,174.75,161.5679931640625,1038435
2013-07-25,173.8000030517578,177.75,172.5,175.10000610351562,161.8916015625,877469
2013-07-26,177.0,179.5,168.10000610351562,172.0500030517578,159.07167053222656,1759388
2013-07-29,170.0,172.0,167.5500030517578,169.0,156.25172424316406,517296
2013-07-30,168.0,169.64999389648438,156.1999969482422,158.8000030517578,148.57948303222656,1051003
2013-07-31,155.8000030517578,155.8000030517578,146.0,149.60000610351562,139.97161865234375,1223812
2013-08-01,151.60000610351562,153.3000030517578,137.0,137.85000610351562,128.9778594970703,1482862
2013-08-02,137.89999389648438,141.60000610351562,125.5999984741211,128.3000030517578,120.0425033569336,2087982
2013-08-05,129.5,131.5,124.3499984741211,129.35000610351562,121.0249252319336,1298202
2013-08-06,126.0,131.14999389648438,120.25,122.1500015258789,114.28831481933594,1839524
2013-08-07,121.1500015258789,133.3000030517578,121.05000305175781,130.9499969482422,122.52195739746094,1691004
2013-08-08,132.5,139.64999389648438,131.85000610351562,138.0,129.11819458007812,1232092
2013-08-12,137.6999969482422,142.6999969482422,133.8000030517578,138.5500030517578,129.6328125,1039092
2013-08-13,143.60000610351562,151.75,141.0,149.60000610351562,139.97161865234375,1657826
2013-08-14,151.0,159.64999389648438,150.14999389648438,158.35000610351562,148.15846252441406,1362722
2013-08-16,155.0,156.10000610351562,144.1999969482422,145.5500030517578,136.1822967529297,901455
2013-08-19,144.5,150.64999389648438,139.0,148.4499969482422,138.8956298828125,1184300
2013-08-20,144.0,156.39999389648438,142.0,153.89999389648438,143.99485778808594,1091988
2013-08-21,155.5,162.6999969482422,145.0,150.85000610351562,141.14117431640625,1597305
2013-08-22,146.0,148.35000610351562,140.0,143.85000610351562,134.59169006347656,1758767
2013-08-23,144.0,147.39999389648438,135.25,137.0500030517578,128.22935485839844,2307801
2013-08-26,137.5,140.8000030517578,134.39999389648438,137.10000610351562,128.27613830566406,1923845
2013-08-27,135.75,136.5,129.5500030517578,130.3000030517578,121.9137954711914,1749988
2013-08-28,126.5,132.9499969482422,122.0999984741211,131.89999389648438,123.4107894897461,1865032
2013-08-29,134.0,134.85000610351562,127.0,131.35000610351562,122.89619445800781,1459998
2013-08-30,132.0500030517578,134.6999969482422,126.5999984741211,129.6999969482422,121.3523941040039,1347454
2013-09-02,130.8000030517578,138.14999389648438,130.0,136.64999389648438,127.8550796508789,1161266
2013-09-03,137.5500030517578,139.75,126.25,127.4000015258789,119.20042419433594,1635757
2013-09-04,125.9000015258789,129.14999389648438,121.0,126.5,118.35835266113281,2573387
2013-09-05,130.0,139.39999389648438,129.10000610351562,137.75,128.88427734375,1789542
2013-09-06,138.1999969482422,141.5,134.60000610351562,137.75,128.88427734375,1346851
2013-09-10,140.0,145.39999389648438,139.6999969482422,143.0,133.79638671875,926660
2013-09-11,141.5,152.1999969482422,141.0,150.5500030517578,140.8604736328125,1569555
2013-09-12,151.5,156.25,147.10000610351562,149.14999389648438,139.5505828857422,1452178
2013-09-13,148.60000610351562,157.5,146.14999389648438,156.85000610351562,146.7550048828125,1587637
2013-09-16,159.0,162.1999969482422,149.10000610351562,153.75,143.8544921875,1268335
2013-09-17,152.89999389648438,154.6999969482422,149.9499969482422,153.85000610351562,143.94810485839844,719761
2013-09-18,155.9499969482422,161.5,154.6999969482422,160.4499969482422,150.123291015625,1022096
2013-09-19,166.0,173.8000030517578,166.0,171.39999389648438,160.36854553222656,1317217
2013-09-20,171.0,171.35000610351562,150.64999389648438,151.60000610351562,141.8428955078125,2224971
2013-09-23,149.39999389648438,149.4499969482422,140.39999389648438,141.8000030517578,132.6736297607422,1892542
2013-09-24,140.89999389648438,145.39999389648438,138.75,140.5,131.45729064941406,1472256
2013-09-25,141.5,142.60000610351562,135.60000610351562,136.6999969482422,127.90186309814453,1569265
2013-09-26,137.1999969482422,137.1999969482422,134.0,135.5500030517578,126.82588958740234,1495674
2013-09-27,136.1999969482422,138.4499969482422,131.35000610351562,131.8000030517578,123.3172378540039,1887922
2013-09-30,130.5,132.5,127.55000305175781,128.4499969482422,120.18285369873047,1587057
2013-10-01,128.8000030517578,137.35000610351562,127.3499984741211,136.89999389648438,128.0889892578125,2282109
2013-10-03,138.0,139.75,134.60000610351562,139.0,130.0538330078125,1550173
2013-10-04,137.5,142.39999389648438,136.3000030517578,139.25,130.28773498535156,2214263
2013-10-07,138.89999389648438,139.25,135.35000610351562,137.89999389648438,129.0246124267578,1115565
2013-10-08,140.60000610351562,143.3000030517578,137.89999389648438,138.9499969482422,130.00704956054688,1261447
2013-10-09,137.1999969482422,148.5,137.1999969482422,146.9499969482422,137.4921417236328,2480751
2013-10-10,148.0,151.6999969482422,147.0,149.5,139.87803649902344,1477448
2013-10-11,152.64999389648438,156.6999969482422,152.14999389648438,154.3000030517578,144.36911010742188,1756160
2013-10-14,154.0,156.5,151.0,153.75,143.8544921875,1024387
2013-10-15,154.89999389648438,159.9499969482422,151.6999969482422,153.4499969482422,143.57383728027344,1673065
2013-10-17,154.60000610351562,156.89999389648438,151.85000610351562,153.35000610351562,143.48025512695312,951178
2013-10-18,154.0500030517578,158.0,154.0500030517578,157.14999389648438,147.0356903076172,1028754
2013-10-21,159.0,167.0,159.0,165.9499969482422,155.26930236816406,1660275
2013-10-22,165.5,166.5,162.8000030517578,164.1999969482422,153.63194274902344,711062
2013-10-23,165.3000030517578,166.25,155.1999969482422,158.64999389648438,148.4391326904297,1145938
2013-10-24,158.60000610351562,164.1999969482422,157.64999389648438,159.1999969482422,148.9537353515625,1089144
2013-10-25,158.89999389648438,160.0,151.0,151.35000610351562,141.60897827148438,1024624
2013-10-28,153.10000610351562,154.1999969482422,145.75,146.3000030517578,136.88401794433594,1311455
2013-10-29,146.9499969482422,151.35000610351562,142.85000610351562,149.9499969482422,140.299072265625,1352307
2013-10-30,152.0500030517578,154.0,148.25,149.1999969482422,139.59735107421875,1138470
2013-10-31,146.5,152.5,145.0,151.6999969482422,141.9364776611328,1577722
2013-11-01,151.10000610351562,159.25,151.10000610351562,157.35000610351562,147.2228240966797,1652059
2013-11-05,156.89999389648438,163.9499969482422,155.5,160.75,150.40399169921875,1445710
2013-11-06,161.89999389648438,164.1999969482422,155.25,155.85000610351562,145.81936645507812,1112950
2013-11-07,156.0500030517578,157.8000030517578,148.10000610351562,148.75,139.17633056640625,1261684
2013-11-08,148.9499969482422,153.75,145.35000610351562,152.5500030517578,142.7317657470703,1331701
2013-11-11,152.0,152.5500030517578,147.25,148.14999389648438,138.61492919921875,971279
2013-11-12,148.1999969482422,152.25,143.5,144.64999389648438,135.34019470214844,1276092
2013-11-13,142.75,145.1999969482422,139.4499969482422,142.60000610351562,133.42213439941406,1052535
2013-11-14,145.0500030517578,147.0,143.5,145.5500030517578,136.1822967529297,818461
2013-11-18,149.0,149.60000610351562,146.1999969482422,148.8000030517578,139.2230987548828,774972
2013-11-19,148.89999389648438,151.8000030517578,148.4499969482422,149.60000610351562,139.97161865234375,1057680
2013-11-20,148.5,155.60000610351562,148.0,150.1999969482422,140.5330047607422,1735028
2013-11-21,149.0,149.0500030517578,144.5,145.35000610351562,135.99514770507812,1002929
2013-11-22,146.89999389648438,147.89999389648438,143.0500030517578,144.39999389648438,135.10629272460938,830978
2013-11-25,146.9499969482422,149.60000610351562,146.10000610351562,149.0,139.41021728515625,704562
2013-11-26,149.0,151.60000610351562,147.1999969482422,149.4499969482422,139.8312530517578,859931
2013-11-27,149.0,151.3000030517578,146.3000030517578,147.4499969482422,137.9600067138672,819801
2013-11-28,149.0,151.89999389648438,148.64999389648438,149.4499969482422,139.8312530517578,796317
2013-11-29,149.89999389648438,153.5,148.10000610351562,152.14999389648438,142.3574981689453,981486
2013-12-02,152.1999969482422,154.5,151.60000610351562,152.64999389648438,142.82528686523438,610988
2013-12-03,152.14999389648438,157.39999389648438,151.0,155.9499969482422,145.91293334960938,1143790
2013-12-04,155.5,158.1999969482422,152.14999389648438,153.14999389648438,143.29312133789062,1439391
2013-12-05,157.25,158.8000030517578,155.10000610351562,156.0500030517578,146.00648498535156,883920
2013-12-06,156.1999969482422,156.85000610351562,154.35000610351562,155.8000030517578,145.77256774902344,569922
2013-12-09,160.8000030517578,166.10000610351562,157.0,165.14999389648438,154.5207977294922,1561179
2013-12-10,165.60000610351562,165.89999389648438,158.5500030517578,160.35000610351562,150.02972412109375,1180200
2013-12-11,159.0,159.60000610351562,155.4499969482422,156.9499969482422,146.84854125976562,896753
2013-12-12,156.85000610351562,158.89999389648438,154.60000610351562,156.1999969482422,146.1468048095703,777282
2013-12-13,154.9499969482422,155.0,150.35000610351562,150.8000030517578,141.0943603515625,829724
2013-12-16,150.8000030517578,153.4499969482422,149.6999969482422,152.25,142.45106506347656,697094
2013-12-17,153.5,154.39999389648438,151.10000610351562,151.89999389648438,142.12356567382812,669023
2013-12-18,151.10000610351562,161.3000030517578,151.10000610351562,160.3000030517578,149.98294067382812,1300195
2013-12-19,162.0,163.0,155.35000610351562,158.64999389648438,148.4391326904297,1028082
2013-12-20,157.1999969482422,163.64999389648438,157.10000610351562,162.85000610351562,152.36883544921875,778596
2013-12-23,163.0,172.0500030517578,163.0,169.9499969482422,159.0118865966797,1530718
2013-12-24,171.0,172.3000030517578,166.14999389648438,170.89999389648438,159.9007110595703,1055984
2013-12-26,170.0,171.64999389648438,169.0,170.4499969482422,159.4796905517578,695548
2013-12-27,171.5,175.0,170.0,171.1999969482422,160.18141174316406,809837
2013-12-30,171.39999389648438,172.8000030517578,165.6999969482422,166.39999389648438,155.69033813476562,936747
2013-12-31,166.3000030517578,168.0,164.75,166.9499969482422,156.20494079589844,815936
2014-01-01,167.39999389648438,170.75,166.89999389648438,170.35000610351562,159.38613891601562,770019
2014-01-02,171.10000610351562,174.35000610351562,165.14999389648438,166.60000610351562,155.87747192382812,1185878
2014-01-03,165.25,169.5,163.5,168.64999389648438,157.7955322265625,842729
2014-01-06,169.89999389648438,169.89999389648438,165.3000030517578,166.8000030517578,156.06460571289062,687460
2014-01-07,167.0,168.89999389648438,162.1999969482422,163.75,153.2108917236328,827244
2014-01-08,164.0,166.3000030517578,161.5,162.3000030517578,151.85421752929688,603688
2014-01-09,161.35000610351562,163.1999969482422,157.8000030517578,159.0,148.76661682128906,737527
2014-01-10,159.8000030517578,161.8000030517578,155.85000610351562,156.5,146.4275360107422,629651
2014-01-13,157.5,161.60000610351562,156.25,160.85000610351562,150.49755859375,895674
2014-01-14,159.85000610351562,161.10000610351562,156.3000030517578,157.10000610351562,146.98890686035156,669003
2014-01-15,157.89999389648438,160.3000030517578,157.25,159.8000030517578,149.51512145996094,492015
2014-01-16,160.25,162.6999969482422,158.3000030517578,161.8000030517578,151.3863983154297,714348
2014-01-17,162.0,164.1999969482422,154.64999389648438,155.39999389648438,145.39833068847656,1122848
2014-01-20,155.39999389648438,156.8000030517578,153.0,155.75,145.72579956054688,711448
2014-01-21,156.25,157.8000030517578,155.3000030517578,157.25,147.12925720214844,426700
2014-01-22,158.0,159.25,155.85000610351562,158.5500030517578,148.34559631347656,506699
2014-01-23,158.0,159.60000610351562,157.0,158.9499969482422,148.71983337402344,397708
2014-01-24,158.25,158.25,152.14999389648438,152.8000030517578,142.96566772460938,591076
2014-01-27,150.0,150.4499969482422,139.0,140.0500030517578,131.03627014160156,878045
2014-01-28,140.0,144.5500030517578,139.0,141.35000610351562,132.2526092529297,1065705
2014-01-29,143.1999969482422,144.39999389648438,140.10000610351562,141.10000610351562,132.0186767578125,548805
2014-01-30,138.6999969482422,139.5,134.0500030517578,134.75,126.07735443115234,731518
2014-01-31,136.0500030517578,137.89999389648438,135.5500030517578,137.3000030517578,128.4632568359375,546169
2014-02-03,137.0,137.89999389648438,133.25,134.14999389648438,125.51597595214844,632978
2014-02-04,132.39999389648438,135.39999389648438,130.39999389648438,134.35000610351562,125.70310974121094,742545
2014-02-05,133.89999389648438,139.75,133.10000610351562,137.9499969482422,129.07139587402344,856604
2014-02-06,138.0,139.39999389648438,134.0500030517578,135.39999389648438,126.68551635742188,652016
2014-02-07,136.3000030517578,139.14999389648438,136.3000030517578,137.9499969482422,129.07139587402344,588602
2014-02-10,143.6999969482422,145.9499969482422,141.5500030517578,142.0,132.8607635498047,882240
2014-02-11,142.0,142.39999389648438,139.35000610351562,140.5500030517578,131.50408935546875,446138
2014-02-12,140.60000610351562,143.1999969482422,138.60000610351562,139.9499969482422,130.94268798828125,432639
2014-02-13,140.0,144.3000030517578,140.0,142.6999969482422,133.5157012939453,825523
2014-02-14,142.6999969482422,145.14999389648438,141.35000610351562,144.4499969482422,135.15306091308594,749254
2014-02-17,145.0,147.75,142.14999389648438,143.0,133.79638671875,589066
2014-02-18,142.14999389648438,143.8000030517578,140.35000610351562,142.60000610351562,133.42213439941406,515094
2014-02-19,143.5,143.89999389648438,141.3000030517578,143.1999969482422,133.9835205078125,438113
2014-02-20,142.85000610351562,146.89999389648438,141.75,143.64999389648438,134.404541015625,706372
2014-02-21,144.0,144.5500030517578,140.8000030517578,142.5,133.3285675048828,555279
2014-02-24,142.25,143.89999389648438,141.0500030517578,142.89999389648438,133.70281982421875,365591
2014-02-25,143.0,144.5,140.75,141.64999389648438,132.5332794189453,337129
2014-02-26,142.1999969482422,142.1999969482422,138.3000030517578,140.0500030517578,131.03627014160156,467245
2014-02-28,141.35000610351562,141.89999389648438,138.60000610351562,140.8000030517578,131.73797607421875,517441
2014-03-03,140.0500030517578,141.8000030517578,138.14999389648438,139.0,130.0538330078125,453369
2014-03-04,138.4499969482422,141.0,136.4499969482422,140.0,130.98948669433594,569294
2014-03-05,141.8000030517578,145.6999969482422,140.25,144.75,135.4337615966797,770766
2014-03-06,145.5,153.14999389648438,145.5,152.0,142.2171630859375,1048341
2014-03-07,153.60000610351562,167.89999389648438,153.25,167.0,156.25172424316406,2047363
2014-03-10,165.0,173.85000610351562,164.0,171.64999389648438,160.60244750976562,1200619
2014-03-11,171.9499969482422,186.60000610351562,167.64999389648438,178.39999389648438,166.9180145263672,3245387
2014-03-12,179.9499969482422,182.8000030517578,176.60000610351562,179.14999389648438,167.61972045898438,1835421
2014-03-13,179.39999389648438,181.5500030517578,164.5,168.5,157.6551971435547,1562611
2014-03-14,165.1999969482422,175.8000030517578,162.5500030517578,175.0,163.73684692382812,2049134
2014-03-18,176.0,179.0,170.25,173.64999389648438,162.47372436523438,1294407
2014-03-19,174.0,177.89999389648438,171.4499969482422,173.89999389648438,162.70762634277344,945925
2014-03-20,173.8000030517578,173.89999389648438,166.35000610351562,167.25,156.4856414794922,959441
2014-03-21,168.10000610351562,172.4499969482422,168.10000610351562,171.25,160.2281951904297,833629
2014-03-24,172.0,174.85000610351562,170.0500030517578,171.6999969482422,160.6492462158203,769033
2014-03-25,171.3000030517578,178.39999389648438,171.0500030517578,177.5500030517578,166.12274169921875,1074008
2014-03-26,178.89999389648438,181.35000610351562,173.60000610351562,175.14999389648438,163.877197265625,929845
2014-03-27,176.0,179.39999389648438,172.3000030517578,174.5,163.26901245117188,864275
2014-03-28,175.0500030517578,177.5500030517578,174.4499969482422,176.10000610351562,164.7660675048828,787067
2014-03-31,177.60000610351562,179.3000030517578,174.5,176.64999389648438,165.2806396484375,916221
2014-04-01,176.5,177.89999389648438,171.3000030517578,175.0500030517578,163.7836151123047,871899
2014-04-02,176.85000610351562,179.0,173.5,176.5,165.14028930664062,1257267
2014-04-03,177.0,177.25,169.60000610351562,171.8000030517578,160.74278259277344,1293774
2014-04-04,170.5,177.5,169.89999389648438,176.25,164.90640258789062,1792139
2014-04-07,176.5,180.0,168.39999389648438,171.0500030517578,160.04107666015625,5254164
2014-04-09,172.1999969482422,177.0500030517578,172.1999969482422,176.64999389648438,165.2806396484375,628066
2014-04-10,177.64999389648438,185.0,175.89999389648438,178.5,167.01158142089844,6976994
2014-04-11,175.85000610351562,180.60000610351562,173.75,176.35000610351562,164.9999542236328,1558890
2014-04-15,177.85000610351562,177.85000610351562,164.8000030517578,165.9499969482422,155.26930236816406,1696157
2014-04-16,167.0,167.75,156.14999389648438,158.0500030517578,147.87774658203125,1889529
2014-04-17,159.10000610351562,161.0,156.25,159.60000610351562,149.32801818847656,2217563
2014-04-21,161.0,161.0,156.64999389648438,157.89999389648438,147.73739624023438,1229345
2014-04-22,158.1999969482422,160.8000030517578,156.3000030517578,157.0500030517578,146.942138671875,1332327
2014-04-23,155.89999389648438,156.4499969482422,151.60000610351562,152.4499969482422,142.63818359375,1886056
2014-04-25,153.64999389648438,157.89999389648438,152.64999389648438,153.75,143.8544921875,1666537
2014-04-28,153.6999969482422,154.85000610351562,150.8000030517578,154.0500030517578,144.1352081298828,1208682
2014-04-29,153.1999969482422,156.85000610351562,153.0,153.5500030517578,143.66738891601562,1201142
2014-04-30,154.0,154.1999969482422,139.0,140.25,131.22337341308594,3801565
2014-05-02,141.85000610351562,142.89999389648438,138.14999389648438,139.8000030517578,130.80235290527344,4641865
2014-05-05,140.10000610351562,141.5500030517578,137.8000030517578,139.0,130.0538330078125,9980054
2014-05-06,139.39999389648438,142.8000030517578,139.35000610351562,140.39999389648438,131.3637237548828,1089974
2014-05-07,140.64999389648438,141.85000610351562,139.0,140.1999969482422,131.17660522460938,1180510
2014-05-08,140.6999969482422,141.3000030517578,138.10000610351562,139.5,130.52166748046875,1067048
2014-05-09,140.25,145.64999389648438,139.89999389648438,144.6999969482422,135.386962890625,1517271
2014-05-12,145.0,151.0500030517578,143.35000610351562,146.14999389648438,136.74366760253906,2128727
2014-05-13,148.0,155.6999969482422,148.0,152.0500030517578,142.26393127441406,2211612
2014-05-14,153.0,162.89999389648438,150.0500030517578,160.5500030517578,150.21685791015625,2520684
2014-05-15,161.89999389648438,169.0,158.14999389648438,160.0,149.7022705078125,1857679
2014-05-16,166.6999969482422,176.5,164.4499969482422,169.64999389648438,158.7311553955078,4622721
2014-05-19,172.5,183.85000610351562,172.1999969482422,182.4499969482422,170.7073516845703,2784933
2014-05-20,183.0,190.6999969482422,178.0,184.14999389648438,172.2979278564453,2672782
2014-05-21,184.89999389648438,194.89999389648438,180.1999969482422,192.5500030517578,180.15731811523438,2363422
2014-05-22,194.9499969482422,217.89999389648438,194.60000610351562,210.85000610351562,197.27951049804688,5031355
2014-05-23,212.64999389648438,222.0,212.64999389648438,216.5500030517578,202.6126708984375,2344547
2014-05-26,218.6999969482422,224.5500030517578,195.3000030517578,204.35000610351562,191.19786071777344,2408590
2014-05-27,205.5,207.14999389648438,195.14999389648438,204.5,191.3382110595703,1629917
2014-05-28,206.1999969482422,209.0,198.4499969482422,205.6999969482422,192.4609832763672,1421603
2014-05-29,206.3000030517578,209.0,202.0,203.75,190.636474609375,1345068
2014-05-30,201.0,212.0,195.5500030517578,209.8000030517578,196.29710388183594,2461978
2014-06-02,210.10000610351562,212.35000610351562,206.8000030517578,209.5,196.01638793945312,2058999
2014-06-03,210.0,222.0,209.14999389648438,219.75,205.60670471191406,2517993
2014-06-04,222.0,223.25,216.89999389648438,219.25,205.13885498046875,1890886
2014-06-05,220.75,222.9499969482422,215.75,219.64999389648438,205.5131378173828,1699250
2014-06-06,222.0,233.9499969482422,220.9499969482422,233.0500030517578,218.05072021484375,3361227
2014-06-09,235.75,242.8000030517578,234.5,241.3000030517578,225.76971435546875,2019380
2014-06-10,241.0,241.0,229.10000610351562,233.14999389648438,218.1442413330078,1470282
2014-06-11,233.60000610351562,234.64999389648438,219.75,220.85000610351562,206.6359100341797,1751913
2014-06-12,221.0,226.0,216.75,223.5500030517578,209.162109375,1482989
2014-06-13,224.0,226.4499969482422,203.25,205.14999389648438,191.94635009765625,1998770
2014-06-16,204.60000610351562,211.14999389648438,199.0,210.3000030517578,196.76490783691406,1957189
2014-06-17,211.0,214.25,203.75,212.5500030517578,198.87008666992188,1620450
2014-06-18,213.85000610351562,216.5,205.39999389648438,207.60000610351562,194.23867797851562,1733181
2014-06-19,208.0,211.0,205.85000610351562,206.9499969482422,193.63052368164062,1137895
2014-06-20,206.0,211.5,205.3000030517578,208.0,194.61293029785156,919395
2014-06-23,209.5,210.8000030517578,206.35000610351562,209.5,196.01638793945312,790240
2014-06-24,210.0,221.25,209.89999389648438,219.25,205.13885498046875,1473636
2014-06-25,218.39999389648438,220.35000610351562,215.1999969482422,217.14999389648438,203.1740264892578,1098502
2014-06-26,217.14999389648438,218.64999389648438,209.0,210.35000610351562,196.81170654296875,940259
2014-06-27,211.0500030517578,212.0,205.14999389648438,211.14999389648438,197.56019592285156,1616074
2014-06-30,212.8000030517578,217.5,212.0,214.85000610351562,201.02207946777344,778844
2014-07-01,215.64999389648438,218.75,213.5500030517578,216.5,202.5658721923828,835303
2014-07-02,218.10000610351562,222.14999389648438,218.10000610351562,218.75,204.67105102539062,949873
2014-07-03,220.0,221.0,214.8000030517578,215.89999389648438,202.0044708251953,242310
2014-07-04,216.10000610351562,219.3000030517578,214.5,218.8000030517578,204.7178497314453,917105
2014-07-07,218.10000610351562,224.3000030517578,218.0,223.1999969482422,208.8346405029297,912375
2014-07-08,223.0,224.25,203.39999389648438,205.85000610351562,192.60130310058594,1361373
2014-07-09,206.0,208.39999389648438,200.10000610351562,203.9499969482422,190.82362365722656,1301744
2014-07-10,206.0,233.85000610351562,201.0,222.75,208.41360473632812,3973301
2014-07-11,224.10000610351562,229.4499969482422,206.0,209.39999389648438,195.92283630371094,2865538
2014-07-14,209.89999389648438,213.85000610351562,204.64999389648438,207.64999389648438,194.2854766845703,1154272
2014-07-15,209.0,214.8000030517578,207.5,213.0500030517578,199.33792114257812,1191963
2014-07-16,217.0,227.0,215.10000610351562,225.4499969482422,210.93983459472656,1508226
2014-07-17,226.1999969482422,228.89999389648438,220.5,222.14999389648438,207.85223388671875,1678892
2014-07-18,219.25,223.60000610351562,216.85000610351562,220.85000610351562,206.6359100341797,1434349
2014-07-21,221.75,222.8000030517578,213.5500030517578,214.8000030517578,200.9752960205078,931379
2014-07-22,216.9499969482422,218.60000610351562,213.85000610351562,216.75,202.79978942871094,723862
2014-07-23,218.0,219.35000610351562,211.1999969482422,214.8000030517578,200.9752960205078,850501
2014-07-24,215.0500030517578,218.3000030517578,213.64999389648438,214.3000030517578,200.50747680664062,790739
2014-07-25,214.75,215.75,202.0,204.64999389648438,191.47854614257812,1503814
2014-07-28,205.0,206.35000610351562,193.3000030517578,194.35000610351562,181.84146118164062,1455567
2014-07-30,193.0,201.39999389648438,191.85000610351562,200.14999389648438,187.26817321777344,1190848
2014-07-31,199.64999389648438,203.4499969482422,197.14999389648438,198.39999389648438,185.63079833984375,1209768
2014-08-01,192.60000610351562,203.8000030517578,190.1999969482422,200.60000610351562,187.68919372558594,2173189
2014-08-04,203.0,204.5,197.39999389648438,201.3000030517578,188.34414672851562,1052999
2014-08-05,200.3000030517578,206.39999389648438,198.64999389648438,205.5,192.2738494873047,1381767
2014-08-06,204.39999389648438,207.89999389648438,201.75,202.5,189.46693420410156,1028614
2014-08-07,202.0,205.35000610351562,199.5,202.89999389648438,189.84117126464844,1091547
2014-08-08,199.9499969482422,200.0,193.60000610351562,194.5500030517578,182.02859497070312,895736
2014-08-11,200.0,202.14999389648438,197.60000610351562,199.25,186.4261016845703,735450
2014-08-12,200.0,202.89999389648438,198.1999969482422,202.25,189.23301696777344,664544
2014-08-13,201.5,201.60000610351562,192.6999969482422,194.1999969482422,181.70111083984375,781132
2014-08-14,194.0,196.89999389648438,190.64999389648438,196.39999389648438,183.75953674316406,807354
2014-08-18,195.1999969482422,199.8000030517578,194.1999969482422,198.10000610351562,185.35012817382812,703029
2014-08-19,197.75,201.35000610351562,196.0,200.1999969482422,189.225341796875,939692
2014-08-20,199.5,203.0,197.25,201.1999969482422,190.17051696777344,795270
2014-08-21,200.0,202.60000610351562,195.8000030517578,196.60000610351562,185.8226776123047,719981
2014-08-22,196.39999389648438,198.0,193.3000030517578,194.8000030517578,184.12135314941406,761422
2014-08-25,195.0,196.39999389648438,190.0,190.89999389648438,180.43515014648438,670978
2014-08-26,188.60000610351562,192.5,187.60000610351562,191.5500030517578,181.04953002929688,762039
2014-08-27,192.1999969482422,193.85000610351562,181.35000610351562,183.0500030517578,173.01548767089844,1504938
2014-08-28,182.0,183.0500030517578,176.5,177.64999389648438,167.9114990234375,1382344
2014-09-01,178.0,180.6999969482422,175.60000610351562,180.0,170.13267517089844,1014700
2014-09-02,179.39999389648438,185.0,179.0,184.0500030517578,173.96066284179688,1258907
2014-09-03,184.89999389648438,186.6999969482422,180.75,183.0500030517578,173.01548767089844,1043833
2014-09-04,175.0,175.89999389648438,161.6999969482422,167.3000030517578,158.12889099121094,2873550
2014-09-05,166.0,176.3000030517578,164.6999969482422,175.39999389648438,165.7848358154297,2101782
2014-09-08,177.0,178.39999389648438,170.5,176.6999969482422,167.01358032226562,1139081
2014-09-09,176.9499969482422,176.9499969482422,173.0,174.1999969482422,164.65061950683594,572560
2014-09-10,172.8000030517578,177.6999969482422,171.64999389648438,176.6999969482422,167.01358032226562,744942
2014-09-11,177.3000030517578,178.9499969482422,174.1999969482422,175.1999969482422,165.5958251953125,678001
2014-09-12,174.89999389648438,177.3000030517578,174.3000030517578,175.89999389648438,166.25743103027344,483949
2014-09-15,174.64999389648438,175.39999389648438,172.5,173.60000610351562,164.08351135253906,436342
2014-09-16,174.0,177.89999389648438,167.1999969482422,168.35000610351562,159.12132263183594,729132
2014-09-17,171.0,171.3000030517578,166.25,169.10000610351562,159.83021545410156,716188
2014-09-18,168.89999389648438,176.89999389648438,168.0,175.3000030517578,165.69033813476562,813666
2014-09-19,176.89999389648438,176.89999389648438,171.14999389648438,171.9499969482422,162.5239715576172,608315
2014-09-22,170.5,173.3000030517578,166.0,166.64999389648438,157.51449584960938,986758
2014-09-23,165.39999389648438,166.35000610351562,155.0500030517578,155.8000030517578,147.25929260253906,1512681
2014-09-24,156.0,162.25,154.10000610351562,159.6999969482422,150.9455108642578,3643190
2014-09-25,161.0,161.25,154.39999389648438,155.8000030517578,147.25929260253906,867062
2014-09-26,156.0,162.85000610351562,155.6999969482422,162.14999389648438,153.2611846923828,999750
2014-09-29,161.8000030517578,164.14999389648438,157.8000030517578,158.39999389648438,149.7167510986328,709266
2014-09-30,158.0,159.0500030517578,148.10000610351562,150.85000610351562,142.5806427001953,1312891
2014-10-01,150.0,152.60000610351562,149.4499969482422,150.39999389648438,142.15530395507812,727612
2014-10-07,149.8000030517578,149.8000030517578,141.25,142.0500030517578,134.2630615234375,1273196
2014-10-08,142.0,149.8000030517578,140.14999389648438,148.8000030517578,140.64303588867188,1612011
2014-10-09,150.0,154.35000610351562,149.3000030517578,152.6999969482422,144.32920837402344,1055056
2014-10-10,150.64999389648438,155.39999389648438,149.14999389648438,152.35000610351562,143.9984130859375,1373157
2014-10-13,151.10000610351562,151.89999389648438,144.1999969482422,146.6999969482422,138.6581268310547,1121143
2014-10-14,132.0500030517578,132.0500030517578,102.69999694824219,104.94999694824219,99.19680786132812,16810690
2014-10-16,100.0999984741211,115.8499984741211,100.0,110.3499984741211,104.30078125,12802390
2014-10-17,112.0,114.44999694824219,105.44999694824219,110.69999694824219,104.63159942626953,4864878
2014-10-20,112.0,116.30000305175781,108.1500015258789,115.3499984741211,109.02669525146484,4320653
2014-10-21,115.69999694824219,122.55000305175781,114.30000305175781,121.44999694824219,114.79229736328125,4143597
2014-10-22,122.0,123.0,115.9000015258789,120.25,113.65808868408203,3634632
2014-10-27,117.5,117.5,109.0999984741211,110.5,104.44257354736328,3399921
2014-10-28,110.0,113.30000305175781,108.80000305175781,111.30000305175781,105.19871520996094,2580315
2014-10-29,112.25,119.5,110.05000305175781,118.1500015258789,111.67320251464844,3860990
2014-10-30,119.80000305175781,127.0,119.0,123.9000015258789,117.10800170898438,6000805
2014-10-31,124.05000305175781,126.9000015258789,122.1500015258789,124.5,117.67511749267578,2567087
2014-11-03,122.44999694824219,129.39999389648438,120.19999694824219,128.5,121.45582580566406,3129711
2014-11-05,128.5,131.39999389648438,125.5999984741211,126.6500015258789,119.70724487304688,2659842
2014-11-07,131.85000610351562,135.0,129.8000030517578,134.5500030517578,127.17417907714844,3255397
2014-11-10,133.6999969482422,137.1999969482422,132.8000030517578,135.60000610351562,128.1666259765625,1426968
2014-11-11,136.0,138.0,132.5500030517578,136.64999389648438,129.1590576171875,1764314
2014-11-12,138.0,140.35000610351562,136.10000610351562,139.6999969482422,132.04188537597656,1246447
2014-11-13,140.0,141.39999389648438,136.5,138.89999389648438,131.28570556640625,1962127
2014-11-14,141.0,143.0,139.60000610351562,141.8000030517578,134.02674865722656,1371460
2014-11-17,142.0,142.0,137.75,139.75,132.08912658691406,1723506
2014-11-18,138.39999389648438,140.6999969482422,137.35000610351562,139.25,131.61654663085938,1096553
2014-11-19,137.89999389648438,144.39999389648438,137.85000610351562,141.0,133.27059936523438,1714502
2014-11-20,140.10000610351562,141.75,136.1999969482422,138.60000610351562,131.00216674804688,1514041
2014-11-21,138.0,141.5,137.8000030517578,140.3000030517578,132.60899353027344,941247
2014-11-24,138.9499969482422,147.8000030517578,138.9499969482422,147.10000610351562,139.0362091064453,1619833
2014-11-25,148.0,148.39999389648438,140.0,141.75,133.9794921875,1071435
2014-11-26,140.89999389648438,154.64999389648438,136.5500030517578,151.9499969482422,143.62033081054688,3396598
2014-11-27,151.6999969482422,152.9499969482422,147.0,148.14999389648438,140.0286407470703,1728307
2014-11-28,147.25,155.0,145.0,149.35000610351562,141.1628875732422,2865116
2014-12-01,148.5,154.4499969482422,146.8000030517578,153.6999969482422,145.2744140625,1337485
2014-12-02,153.0,155.5,151.14999389648438,153.4499969482422,145.03811645507812,1591185
2014-12-03,154.0,156.5,153.0,155.5,146.97572326660156,1389409
2014-12-04,155.0,156.60000610351562,151.85000610351562,154.25,145.79425048828125,1201613
2014-12-05,154.0,163.3000030517578,153.39999389648438,161.5,152.64683532714844,2478069
2014-12-08,161.10000610351562,166.14999389648438,158.8000030517578,160.14999389648438,151.37081909179688,1525728
2014-12-09,160.0,162.39999389648438,157.25,159.1999969482422,150.472900390625,1255140
2014-12-10,159.0,161.64999389648438,155.64999389648438,160.0,151.2290496826172,1303538
2014-12-11,159.5,161.25,154.9499969482422,156.14999389648438,147.590087890625,1505617
2014-12-12,156.39999389648438,158.25,150.75,152.1999969482422,143.85662841796875,1223700
2014-12-15,152.0,154.10000610351562,144.3000030517578,144.89999389648438,136.95680236816406,938297
2014-12-16,143.5,145.6999969482422,137.64999389648438,139.35000610351562,131.71104431152344,1186590
2014-12-17,139.0,140.25,132.35000610351562,133.89999389648438,126.559814453125,8596248
2014-12-18,136.25,139.25,133.85000610351562,135.9499969482422,128.49745178222656,1168025
2014-12-19,136.25,138.6999969482422,129.5,132.0,124.76396942138672,1661085
2014-12-22,134.8000030517578,136.39999389648438,131.25,133.75,126.41802978515625,1615721
2014-12-23,134.0,134.8000030517578,130.60000610351562,133.35000610351562,126.03997039794922,1213198
2014-12-24,133.0,135.0500030517578,131.0,131.64999389648438,124.43315124511719,963270
2014-12-26,130.3000030517578,136.9499969482422,129.85000610351562,136.0,128.54469299316406,1648415
2014-12-29,137.5500030517578,140.39999389648438,135.10000610351562,135.85000610351562,128.40293884277344,1266335
2014-12-30,137.75,138.1999969482422,134.3000030517578,135.60000610351562,128.1666259765625,1077971
2014-12-31,135.10000610351562,138.25,135.10000610351562,137.14999389648438,129.6316375732422,607436
2015-01-01,137.3000030517578,138.10000610351562,136.0500030517578,137.35000610351562,129.82069396972656,421094
2015-01-02,137.10000610351562,140.64999389648438,137.10000610351562,139.1999969482422,131.56927490234375,823221
2015-01-05,138.0,138.0,134.89999389648438,135.85000610351562,128.40293884277344,819028
2015-01-06,134.8000030517578,135.5,132.25,133.5,126.1817398071289,645133
2015-01-07,133.5,137.10000610351562,131.60000610351562,134.4499969482422,127.07965087890625,890990
2015-01-08,136.0,143.60000610351562,135.39999389648438,142.5,134.68838500976562,1004096
2015-01-09,143.5,144.35000610351562,135.64999389648438,137.85000610351562,130.2932891845703,944359
2015-01-12,137.0,138.39999389648438,135.6999969482422,136.6999969482422,129.20631408691406,404230
2015-01-13,137.14999389648438,137.5,132.60000610351562,133.25,125.94544219970703,796485
2015-01-14,132.0500030517578,134.89999389648438,132.0500030517578,133.35000610351562,126.03997039794922,505122
2015-01-15,138.5,149.5,136.60000610351562,147.1999969482422,139.1307373046875,2595907
2015-01-16,147.1999969482422,151.3000030517578,143.0500030517578,146.10000610351562,138.09103393554688,1738113
2015-01-19,147.3000030517578,148.5500030517578,143.5500030517578,145.25,137.28761291503906,684631
2015-01-20,145.5,147.64999389648438,143.39999389648438,145.64999389648438,137.6656951904297,577875
2015-01-21,146.10000610351562,146.60000610351562,142.0500030517578,143.8000030517578,135.9171142578125,604824
2015-01-22,144.1999969482422,149.64999389648438,143.39999389648438,148.5500030517578,140.40672302246094,1012466
2015-01-23,150.25,157.10000610351562,148.6999969482422,156.25,147.6846160888672,1697202
2015-01-27,156.6999969482422,159.0500030517578,153.75,158.10000610351562,149.43321228027344,916906
2015-01-28,156.5500030517578,163.8000030517578,154.1999969482422,162.9499969482422,154.017333984375,1405545
2015-01-29,162.5,168.3000030517578,161.4499969482422,166.14999389648438,157.0419158935547,1129301
2015-01-30,167.14999389648438,175.1999969482422,165.89999389648438,169.8000030517578,160.4918212890625,1765970
2015-02-02,170.0500030517578,174.0,168.4499969482422,172.5,163.0438232421875,791770
2015-02-03,173.3000030517578,174.0,167.60000610351562,169.85000610351562,160.53909301757812,1008224
2015-02-04,170.5,179.0,165.35000610351562,173.14999389648438,163.65818786621094,1661696
2015-02-05,173.0,174.39999389648438,168.0,169.35000610351562,160.06651306152344,794873
2015-02-06,169.5,171.64999389648438,160.10000610351562,163.85000610351562,154.86801147460938,1120954
2015-02-09,160.0,162.39999389648438,154.35000610351562,157.3000030517578,148.6770782470703,1389135
2015-02-10,152.0,161.0,148.0,157.9499969482422,149.29144287109375,2077093
2015-02-11,157.10000610351562,160.5500030517578,156.1999969482422,158.6999969482422,150.0003204345703,1891400
2015-02-12,159.0,160.8000030517578,155.8000030517578,158.89999389648438,150.18934631347656,882286
2015-02-13,160.0,164.39999389648438,153.75,155.14999389648438,146.6448974609375,1099814
2015-02-16,157.0500030517578,158.0500030517578,154.5,155.64999389648438,147.1175079345703,1102474
2015-02-18,156.0,157.1999969482422,148.35000610351562,149.64999389648438,141.44642639160156,1158648
2015-02-19,151.0,152.60000610351562,146.6999969482422,150.1999969482422,141.9662628173828,1263680
2015-02-20,152.0,154.5,150.0,151.3000030517578,143.00596618652344,1105923
2015-02-23,152.0,152.10000610351562,145.5,146.35000610351562,138.32733154296875,899570
2015-02-24,147.5,148.5,145.1999969482422,146.6999969482422,138.6581268310547,715500
2015-02-25,148.0,150.64999389648438,146.75,147.64999389648438,139.55606079101562,871975
2015-02-26,148.0,151.3000030517578,146.8000030517578,150.3000030517578,142.060791015625,856961
2015-02-27,148.0,156.5500030517578,147.10000610351562,155.75,147.21202087402344,1952929
2015-03-02,157.0,160.0,153.5,154.5500030517578,146.0778045654297,1090388
2015-03-03,155.39999389648438,156.8000030517578,150.5,151.1999969482422,142.9114532470703,829213
2015-03-04,155.0500030517578,158.0,151.89999389648438,154.14999389648438,145.69972229003906,1470761
2015-03-05,155.0,155.64999389648438,151.8000030517578,153.60000610351562,145.17990112304688,676100
2015-03-09,154.4499969482422,156.3000030517578,148.85000610351562,150.85000610351562,142.5806427001953,936517
2015-03-10,151.39999389648438,151.6999969482422,143.60000610351562,144.60000610351562,136.67324829101562,1027045
2015-03-11,145.0,146.0,139.1999969482422,144.5,136.5787353515625,1394296
2015-03-12,145.4499969482422,149.5,145.0500030517578,148.9499969482422,140.7847900390625,705429
2015-03-13,151.6999969482422,162.60000610351562,145.14999389648438,157.5,148.8660888671875,3994341
2015-03-16,162.10000610351562,165.1999969482422,158.85000610351562,164.25,155.24607849121094,2558647
2015-03-17,165.0,166.89999389648438,162.64999389648438,164.64999389648438,155.6241455078125,1298390
2015-03-18,165.0,165.75,162.89999389648438,164.5500030517578,155.5296173095703,777606
2015-03-19,165.5,167.0,163.10000610351562,164.10000610351562,155.1042938232422,571837
2015-03-20,164.0,164.6999969482422,158.60000610351562,160.0500030517578,151.27630615234375,863341
2015-03-23,160.25,161.3000030517578,156.10000610351562,159.5,150.75645446777344,513883
2015-03-24,159.0,162.0,157.8000030517578,160.0500030517578,151.27630615234375,622394
2015-03-25,160.0,165.0,159.0500030517578,164.5500030517578,155.5296173095703,715528
2015-03-26,162.8000030517578,163.6999969482422,157.0,159.10000610351562,150.37840270996094,508228
2015-03-27,157.5500030517578,158.6999969482422,151.3000030517578,154.85000610351562,146.3613739013672,799809
2015-03-30,155.0,160.3000030517578,153.1999969482422,159.5,150.75645446777344,558319
2015-03-31,161.0,161.0,156.25,158.25,149.57498168945312,476158
2015-04-01,156.1999969482422,160.6999969482422,156.14999389648438,159.60000610351562,150.85096740722656,389471
2015-04-06,160.0,169.14999389648438,156.39999389648438,167.3000030517578,158.12889099121094,1112884
2015-04-07,168.1999969482422,168.60000610351562,161.25,162.3000030517578,153.40296936035156,868546
2015-04-08,163.0,165.60000610351562,157.8000030517578,162.0500030517578,153.16665649414062,1523309
2015-04-09,162.89999389648438,163.39999389648438,157.3000030517578,159.35000610351562,150.6147003173828,647759
2015-04-10,160.0,162.0,158.0,158.60000610351562,149.90579223632812,639031
2015-04-13,160.3000030517578,161.10000610351562,156.25,157.0500030517578,148.44076538085938,697429
2015-04-15,158.0,158.25,152.5500030517578,153.6999969482422,145.2744140625,662102
2015-04-16,155.39999389648438,155.39999389648438,149.0,150.14999389648438,141.91900634765625,610849
2015-04-17,149.3000030517578,151.6999969482422,146.60000610351562,147.25,139.177978515625,763307
2015-04-20,148.0,149.35000610351562,143.5500030517578,146.3000030517578,138.28005981445312,625894
2015-04-21,146.89999389648438,147.35000610351562,138.5,139.25,131.61654663085938,870891
2015-04-22,139.5,140.4499969482422,133.64999389648438,137.10000610351562,129.5843963623047,1026930
2015-04-23,138.25,139.85000610351562,135.10000610351562,136.4499969482422,128.9700469970703,778089
2015-04-24,136.6999969482422,136.89999389648438,130.1999969482422,131.25,124.0550765991211,1117730
2015-04-27,132.0,132.10000610351562,122.44999694824219,124.1500015258789,117.34428405761719,1256152
2015-04-28,124.25,129.0500030517578,123.94999694824219,128.0500030517578,121.03050231933594,850220
2015-04-29,128.1999969482422,134.89999389648438,128.10000610351562,133.64999389648438,126.3235092163086,1130123
2015-04-30,134.0,138.0,129.8000030517578,136.3000030517578,128.8282470703125,905766
2015-05-04,137.6999969482422,140.39999389648438,137.14999389648438,138.3000030517578,130.71859741210938,594363
2015-05-05,140.75,141.4499969482422,136.3000030517578,139.3000030517578,131.66378784179688,990084
2015-05-06,138.0,138.6999969482422,130.64999389648438,131.89999389648438,124.66944122314453,1023903
2015-05-07,130.5,131.0,127.0,128.89999389648438,121.83390045166016,863314
2015-05-08,130.1999969482422,136.1999969482422,129.5,133.0,125.70915222167969,790034
2015-05-11,133.60000610351562,134.0500030517578,129.39999389648438,130.25,123.10990142822266,801966
2015-05-12,130.5,133.10000610351562,125.0,125.44999694824219,118.57302856445312,1040277
2015-05-13,126.0,127.8499984741211,124.0,125.0,118.14769744873047,1076389
2015-05-14,124.9000015258789,127.5,122.4000015258789,126.94999694824219,119.99079895019531,989649
2015-05-15,127.0,127.1500015258789,124.30000305175781,124.8499984741211,118.00591278076172,782509
2015-05-18,125.0,126.4000015258789,120.6500015258789,122.69999694824219,115.97378540039062,784291
2015-05-19,123.0999984741211,125.9000015258789,123.0,124.19999694824219,117.39155578613281,648407
2015-05-20,125.69999694824219,127.0,121.5999984741211,123.3499984741211,116.58814239501953,1475584
2015-05-21,123.0,125.9000015258789,122.0999984741211,124.25,117.43881225585938,1202894
2015-05-22,124.5,125.6500015258789,122.25,123.19999694824219,116.44637298583984,920800
2015-05-25,123.1500015258789,124.8499984741211,121.05000305175781,121.69999694824219,115.02859497070312,714972
2015-05-26,122.94999694824219,123.0,116.6500015258789,117.0999984741211,110.68075561523438,987858
2015-05-27,116.5,120.9000015258789,115.19999694824219,119.30000305175781,112.7601547241211,1041716
2015-05-28,119.69999694824219,120.0,116.75,119.1500015258789,112.61837768554688,560824
2015-05-29,120.0,121.4000015258789,115.4000015258789,117.8499984741211,111.3896484375,1584457
2015-06-01,118.19999694824219,121.94999694824219,117.5999984741211,118.19999694824219,111.720458984375,828928
2015-06-02,119.0,119.4000015258789,111.3499984741211,113.0999984741211,106.90003204345703,1131988
2015-06-03,114.0,114.9000015258789,102.9000015258789,110.30000305175781,104.25353240966797,4134675
2015-06-04,111.6500015258789,112.5,107.0,111.1500015258789,105.05693054199219,3610339
2015-06-05,109.5,110.0999984741211,106.5,107.30000305175781,101.41798400878906,995982
2015-06-08,108.0,111.4000015258789,107.0999984741211,109.75,103.73367309570312,793773
2015-06-09,109.69999694824219,111.69999694824219,107.69999694824219,110.5999984741211,104.53707885742188,599697
2015-06-10,112.94999694824219,115.44999694824219,111.05000305175781,112.0,105.86033630371094,1101710
2015-06-11,114.1500015258789,114.5999984741211,107.4000015258789,107.9000015258789,101.98509979248047,1180119
2015-06-12,108.05000305175781,109.5,104.69999694824219,107.5999984741211,101.7015380859375,1193633
2015-06-15,108.0,109.19999694824219,106.0,108.05000305175781,102.12686920166016,923504
2015-06-16,108.80000305175781,108.9000015258789,105.6500015258789,107.9000015258789,101.98509979248047,880365
2015-06-17,109.0999984741211,109.9000015258789,107.5,108.55000305175781,102.59945678710938,649865
2015-06-18,108.9000015258789,109.19999694824219,106.44999694824219,106.94999694824219,101.08716583251953,759249
2015-06-19,107.55000305175781,108.0999984741211,105.80000305175781,106.55000305175781,100.7091064453125,524555
2015-06-22,107.5,116.4000015258789,106.5,114.6500015258789,108.36507415771484,1593018
2015-06-23,116.0,118.44999694824219,114.5999984741211,117.5,111.058837890625,1304008
2015-06-24,117.9000015258789,117.9000015258789,113.80000305175781,114.4000015258789,108.12877655029297,424138
2015-06-25,112.9000015258789,119.8499984741211,112.80000305175781,118.05000305175781,111.57868194580078,944075
2015-06-26,118.0,123.0,114.4000015258789,120.05000305175781,113.46905517578125,1485653
2015-06-29,116.0,118.9000015258789,113.3499984741211,116.75,110.34994506835938,664180
2015-06-30,116.4000015258789,119.05000305175781,115.94999694824219,116.94999694824219,110.53897857666016,531956
2015-07-01,117.19999694824219,118.69999694824219,116.5,117.19999694824219,110.77528381347656,534756
2015-07-02,117.44999694824219,119.3499984741211,116.0,116.75,110.34994506835938,624456
2015-07-03,116.5,118.30000305175781,115.5999984741211,116.05000305175781,109.68832397460938,372703
2015-07-06,114.5999984741211,118.19999694824219,114.0999984741211,117.55000305175781,111.1061019897461,427098
2015-07-07,117.5999984741211,120.25,117.0,118.9000015258789,112.38209533691406,538398
2015-07-08,118.0,118.19999694824219,115.05000305175781,116.5999984741211,110.20816802978516,438573
2015-07-09,117.0,118.44999694824219,116.5,116.9000015258789,110.49172973632812,305935
2015-07-10,117.4000015258789,118.0,113.69999694824219,114.5999984741211,108.31780242919922,397905
2015-07-13,115.0,116.0999984741211,113.80000305175781,115.30000305175781,108.97943115234375,389864
2015-07-14,116.4000015258789,116.4000015258789,113.9000015258789,114.55000305175781,108.27055358886719,303780
2015-07-15,116.5,118.19999694824219,116.05000305175781,116.69999694824219,110.30268859863281,702581
2015-07-16,117.0999984741211,117.30000305175781,115.1500015258789,116.0999984741211,109.73558807373047,493490
2015-07-17,116.0999984741211,116.8499984741211,113.75,114.19999694824219,107.93972778320312,455571
2015-07-20,114.0999984741211,114.4000015258789,108.30000305175781,108.6500015258789,102.69397735595703,861921
2015-07-21,108.5,108.69999694824219,105.19999694824219,106.8499984741211,100.9926528930664,922793
2015-07-22,106.5,108.0,105.94999694824219,106.55000305175781,100.7091064453125,939786
2015-07-23,107.0999984741211,109.4000015258789,106.3499984741211,107.8499984741211,101.93783569335938,618612
2015-07-24,107.0999984741211,108.25,102.25,103.05000305175781,97.40096282958984,1202337
2015-07-27,102.4000015258789,104.44999694824219,100.5999984741211,101.25,95.69963073730469,861166
2015-07-28,101.5,102.5,95.19999694824219,95.75,90.50112915039062,1215504
2015-07-29,96.8499984741211,104.44999694824219,94.3499984741211,101.44999694824219,95.888671875,2268233
2015-07-30,103.0,110.0,102.0999984741211,109.3499984741211,103.35560607910156,2364282
2015-07-31,109.0,116.3499984741211,108.1500015258789,114.80000305175781,108.50684356689453,1746426
2015-08-03,115.1500015258789,117.5,113.3499984741211,115.94999694824219,109.59380340576172,1001681
2015-08-04,115.5,117.0,111.9000015258789,115.1500015258789,108.83765411376953,921940
2015-08-05,116.4000015258789,126.1500015258789,115.94999694824219,122.0,115.31214904785156,2136819
2015-08-06,123.0,125.5,120.05000305175781,122.5,115.78474426269531,1188609
2015-08-07,121.0,126.5,120.0999984741211,125.69999694824219,118.80931854248047,1614452
2015-08-10,126.0,130.4499969482422,124.0,128.14999389648438,121.12501525878906,1305795
2015-08-11,129.0,129.6999969482422,122.19999694824219,124.30000305175781,117.48606872558594,1091540
2015-08-12,122.19999694824219,123.75,115.75,117.19999694824219,110.77528381347656,797111
2015-08-13,118.0,122.05000305175781,110.69999694824219,114.05000305175781,107.79795837402344,1006647
2015-08-14,116.0,136.25,113.05000305175781,134.89999389648438,127.50499725341797,4023099
2015-08-17,134.89999389648438,134.89999389648438,127.80000305175781,129.25,124.00316619873047,2032236
2015-08-18,130.0,131.64999389648438,124.8499984741211,128.0,122.80390930175781,1755301
2015-08-19,130.5,131.89999389648438,126.30000305175781,126.69999694824219,121.55667877197266,1620211
2015-08-20,126.5999984741211,127.44999694824219,115.9000015258789,120.1500015258789,115.2725830078125,2173875
2015-08-21,116.80000305175781,122.1500015258789,112.0999984741211,114.05000305175781,109.42020416259766,2634691
2015-08-24,105.9000015258789,107.69999694824219,93.0,96.30000305175781,92.39075469970703,2790270
2015-08-25,99.0999984741211,114.4000015258789,97.4000015258789,112.5,107.93312072753906,6025592
2015-08-26,112.0,114.19999694824219,108.44999694824219,110.6500015258789,106.15823364257812,2115330
2015-08-27,113.55000305175781,116.05000305175781,108.6500015258789,114.44999694824219,109.80396270751953,1947046
2015-08-28,118.0,119.5,111.9000015258789,115.05000305175781,110.37960815429688,2412043
2015-08-31,115.0,116.9000015258789,109.55000305175781,110.80000305175781,106.30213928222656,1629004
2015-09-01,108.44999694824219,111.3499984741211,104.3499984741211,106.0,101.69698333740234,1369577
2015-09-02,107.19999694824219,114.30000305175781,107.19999694824219,109.5999984741211,105.15084838867188,1831626
2015-09-03,112.30000305175781,122.8499984741211,112.30000305175781,120.6500015258789,115.75228881835938,3184015
2015-09-04,120.3499984741211,120.55000305175781,111.0999984741211,116.5999984741211,111.86668395996094,2693980
2015-09-07,116.5999984741211,118.0999984741211,111.8499984741211,112.6500015258789,108.07703399658203,1416490
2015-09-08,114.0,123.55000305175781,112.80000305175781,120.44999694824219,115.5604019165039,2359507
2015-09-09,124.9000015258789,125.75,120.94999694824219,122.4000015258789,117.43124389648438,1744235
2015-09-10,119.0,125.9000015258789,116.6500015258789,123.5999984741211,118.58252716064453,2132557
2015-09-11,125.19999694824219,127.5,123.30000305175781,124.4000015258789,119.35005187988281,1794885
2015-09-14,124.19999694824219,126.5999984741211,122.75,126.05000305175781,120.93306732177734,1086614
2015-09-15,124.5999984741211,127.80000305175781,121.94999694824219,123.0,118.00688171386719,1492763
2015-09-16,126.0,126.0,121.19999694824219,123.5999984741211,118.58252716064453,1100020
2015-09-18,125.9000015258789,130.89999389648438,125.25,126.0999984741211,120.98103332519531,2103336
2015-09-21,125.0,129.0,123.80000305175781,127.69999694824219,122.5160903930664,943991
2015-09-22,129.0,130.10000610351562,123.5999984741211,124.5,119.44599914550781,1465049
2015-09-23,123.0,127.80000305175781,122.0999984741211,127.25,122.08435821533203,1050385
2015-09-24,126.9000015258789,128.75,125.6500015258789,126.3499984741211,121.22088623046875,918087
2015-09-28,127.0,133.75,125.0,129.25,124.00316619873047,2154942
2015-09-29,126.5,137.3000030517578,126.25,134.64999389648438,129.1839599609375,3458850
2015-09-30,137.0,138.75,135.3000030517578,137.0500030517578,131.4865264892578,1522775
2015-10-01,138.5,138.85000610351562,132.5,133.85000610351562,128.41644287109375,1197063
2015-10-05,135.0,137.0,132.64999389648438,134.5500030517578,129.0880126953125,1088780
2015-10-06,134.9499969482422,137.64999389648438,134.89999389648438,135.5,129.9994354248047,1076930
2015-10-07,135.5,140.1999969482422,134.3000030517578,138.5,132.87767028808594,1936487
2015-10-08,140.0,141.39999389648438,136.8000030517578,138.64999389648438,133.02157592773438,1724397
2015-10-09,142.0,142.89999389648438,138.35000610351562,139.8000030517578,134.12489318847656,1871076
2015-10-12,139.8000030517578,139.8000030517578,135.0,136.0500030517578,130.52713012695312,777959
2015-10-13,136.0,138.4499969482422,135.39999389648438,136.9499969482422,131.39059448242188,674027
2015-10-14,137.39999389648438,138.10000610351562,133.3000030517578,133.75,128.32049560546875,809103
2015-10-15,135.0,136.25,134.0,134.5500030517578,129.0880126953125,623175
2015-10-16,130.0,132.10000610351562,127.5999984741211,128.10000610351562,122.89985656738281,1286696
2015-10-19,129.0,133.39999389648438,127.9000015258789,132.3000030517578,126.92935943603516,1153974
2015-10-20,132.89999389648438,133.8000030517578,130.25,131.6999969482422,126.35370635986328,789876
2015-10-21,132.0,132.75,128.0500030517578,128.89999389648438,123.66736602783203,764800
2015-10-23,131.0,132.5,129.3000030517578,129.85000610351562,124.57881927490234,572260
2015-10-26,130.25,131.6999969482422,128.4499969482422,129.0500030517578,123.81129455566406,628936
2015-10-27,128.0,128.89999389648438,126.80000305175781,127.1500015258789,121.98841857910156,616036
2015-10-28,125.9000015258789,126.5,122.9000015258789,124.0,118.9662857055664,801856
2015-10-29,124.5,125.5,119.9000015258789,120.5,115.60836791992188,789670
2015-10-30,121.4000015258789,122.5,115.5999984741211,116.5999984741211,111.86668395996094,1094720
2015-11-02,117.0999984741211,119.55000305175781,114.6500015258789,118.6500015258789,113.8334732055664,1170820
2015-11-03,120.0,121.5999984741211,119.0999984741211,120.1500015258789,115.2725830078125,1035696
2015-11-04,124.80000305175781,125.5999984741211,121.44999694824219,122.1500015258789,117.19139099121094,2058742
2015-11-05,121.75,123.25,115.75,116.19999694824219,111.48291778564453,1660108
2015-11-06,117.30000305175781,119.55000305175781,116.0,118.44999694824219,113.64158630371094,851217
2015-11-09,113.0,115.9000015258789,112.80000305175781,113.80000305175781,109.18035888671875,1115795
2015-11-10,114.0,115.0,108.30000305175781,108.80000305175781,104.3833236694336,1561146
2015-11-13,111.0,112.4000015258789,108.80000305175781,110.25,105.77446746826172,1037499
2015-11-16,109.94999694824219,111.0,108.19999694824219,110.0,105.53461456298828,1304978
2015-11-17,111.5999984741211,113.6500015258789,111.25,111.6500015258789,107.11763000488281,1288209
2015-11-18,111.75,111.94999694824219,105.5999984741211,106.5,102.17668914794922,1337313
2015-11-19,107.5,108.5,103.1500015258789,103.6500015258789,99.44239044189453,1851567
2015-11-20,103.69999694824219,106.19999694824219,101.9000015258789,102.4000015258789,98.24312591552734,1863508
2015-11-23,102.44999694824219,104.6500015258789,102.44999694824219,103.1500015258789,98.96267700195312,1187688
2015-11-24,103.44999694824219,107.9000015258789,103.0999984741211,107.0,102.65638732910156,2183397
2015-11-26,108.80000305175781,116.44999694824219,108.5,113.44999694824219,108.84455871582031,3210608
2015-11-27,115.0,115.9000015258789,112.19999694824219,114.0999984741211,109.46817016601562,1228919
2015-11-30,114.5,116.6500015258789,112.69999694824219,115.19999694824219,110.52351379394531,1504836
2015-12-01,116.25,118.69999694824219,115.1500015258789,117.80000305175781,113.01797485351562,1768378
2015-12-02,118.25,119.0,115.94999694824219,117.0,112.25044250488281,777067
2015-12-03,116.80000305175781,120.5,115.9000015258789,118.6500015258789,113.8334732055664,1277913
2015-12-04,118.0,119.05000305175781,116.55000305175781,117.19999694824219,112.44232940673828,867148
2015-12-07,117.5,118.44999694824219,115.5999984741211,116.5999984741211,111.86668395996094,782602
2015-12-08,115.19999694824219,117.19999694824219,109.80000305175781,110.44999694824219,105.96633911132812,997486
2015-12-09,110.0,111.75,107.19999694824219,110.55000305175781,106.06228637695312,1636284
2015-12-10,112.0,113.3499984741211,110.4000015258789,111.5999984741211,107.06965637207031,932101
2015-12-11,112.0,112.0999984741211,106.30000305175781,108.19999694824219,103.80767822265625,1206895
2015-12-14,108.0,110.1500015258789,105.5,107.0999984741211,102.75233459472656,943640
2015-12-15,108.9000015258789,108.9000015258789,107.3499984741211,108.4000015258789,103.99955749511719,711599
2015-12-16,109.75,114.3499984741211,109.0,112.94999694824219,108.36485290527344,1393355
2015-12-17,113.9000015258789,115.75,113.0999984741211,115.30000305175781,110.61946105957031,822752
2015-12-18,115.30000305175781,116.9000015258789,114.25,114.5999984741211,109.94786834716797,1204286
2015-12-21,114.0,116.5,114.0,116.0999984741211,111.3869857788086,614281
2015-12-22,116.9000015258789,117.69999694824219,112.80000305175781,113.4000015258789,108.79658508300781,1010503
2015-12-23,114.5,117.0,113.80000305175781,116.0999984741211,111.3869857788086,963638
2015-12-24,116.69999694824219,116.69999694824219,113.8499984741211,114.30000305175781,109.6600570678711,527173
2015-12-28,114.75,115.80000305175781,113.1500015258789,115.0,110.3316421508789,817525
2015-12-29,115.55000305175781,116.4000015258789,112.6500015258789,113.80000305175781,109.18035888671875,902112
2015-12-30,114.4000015258789,114.94999694824219,113.25,113.94999694824219,109.32425689697266,433297
2015-12-31,114.5,116.75,113.9000015258789,116.0,111.29104614257812,741043
2016-01-01,116.0,121.9000015258789,115.25,121.44999694824219,116.5197982788086,1448563
2016-01-04,120.05000305175781,122.94999694824219,117.55000305175781,118.19999694824219,113.4017333984375,1292057
2016-01-05,119.5,121.25,118.05000305175781,118.44999694824219,113.64158630371094,1422241
2016-01-06,118.0,119.19999694824219,114.05000305175781,114.5999984741211,109.94786834716797,1140529
2016-01-07,113.3499984741211,113.3499984741211,106.05000305175781,106.94999694824219,102.6084213256836,7351611
2016-01-08,107.25,113.5,107.0,112.05000305175781,107.50139617919922,11134620
2016-01-11,109.94999694824219,113.25,107.6500015258789,112.0,107.45342254638672,1409602
2016-01-12,113.4000015258789,113.44999694824219,107.55000305175781,109.5999984741211,105.15084838867188,1146422
2016-01-13,111.30000305175781,114.0,104.44999694824219,110.0999984741211,105.63054656982422,2481801
2016-01-14,107.9000015258789,108.4000015258789,105.0999984741211,105.80000305175781,101.50511169433594,1873485
2016-01-15,106.30000305175781,107.69999694824219,98.5,99.6500015258789,95.60476684570312,1852544
2016-01-18,99.6500015258789,101.44999694824219,95.5,96.1500015258789,92.24684143066406,1971880
2016-01-19,96.19999694824219,98.0,93.5999984741211,96.05000305175781,92.1509017944336,1768502
2016-01-20,94.5,94.5,90.0,92.25,88.50515747070312,1786513
2016-01-21,93.55000305175781,94.75,90.44999694824219,91.5999984741211,87.88154602050781,1510312
2016-01-22,93.0,95.5999984741211,92.5,94.55000305175781,90.71179962158203,1526811
2016-01-25,95.0,95.75,92.25,93.55000305175781,89.75239562988281,1192597
2016-01-27,94.25,97.1500015258789,93.9000015258789,95.6500015258789,91.76714324951172,1427143
2016-01-28,95.9000015258789,95.9000015258789,93.6500015258789,94.5999984741211,90.759765625,1004971
2016-01-29,94.5,97.4000015258789,93.0,96.4000015258789,92.4866943359375,1474681
2016-02-01,96.5,97.94999694824219,95.75,96.75,92.8224868774414,784801
2016-02-02,96.75,97.3499984741211,92.69999694824219,93.3499984741211,89.56050109863281,1301140
2016-02-03,93.3499984741211,96.80000305175781,92.4000015258789,93.5,89.70441436767578,2162588
2016-02-04,95.0,96.0,93.75,94.55000305175781,90.71179962158203,826780
2016-02-05,94.80000305175781,96.5,93.3499984741211,95.8499984741211,91.95903015136719,1017518
2016-02-08,96.30000305175781,100.94999694824219,96.0,96.55000305175781,92.63060760498047,1937813
2016-02-09,95.0,97.25,94.44999694824219,95.55000305175781,91.67120361328125,1201200
2016-02-10,95.5,95.69999694824219,89.1500015258789,90.44999694824219,86.77822875976562,2519495
2016-02-11,90.30000305175781,90.30000305175781,79.9000015258789,81.30000305175781,77.99967193603516,2388658
2016-02-12,83.0,83.30000305175781,72.5,80.69999694824219,77.42401885986328,3365131
2016-02-15,81.9000015258789,90.5999984741211,81.9000015258789,89.55000305175781,85.9147720336914,1697910
2016-02-16,91.19999694824219,92.30000305175781,85.25,85.9000015258789,82.4129409790039,1808425
2016-02-17,85.0,89.19999694824219,83.3499984741211,88.5,84.90738677978516,1490911
2016-02-18,89.0,90.4000015258789,83.94999694824219,86.69999694824219,83.18045806884766,1509352
2016-02-19,86.94999694824219,89.1500015258789,85.55000305175781,88.19999694824219,84.61956024169922,1227763
2016-02-22,89.0,90.0,87.55000305175781,89.05000305175781,85.43507385253906,848431
2016-02-23,89.0,89.05000305175781,84.5,85.0,81.54946899414062,1401112
2016-02-24,84.0,86.4000015258789,83.5,84.9000015258789,81.45352935791016,880462
2016-02-25,86.0999984741211,86.0999984741211,83.0,83.5,80.11035919189453,780909
2016-02-26,84.9000015258789,87.8499984741211,84.55000305175781,87.25,83.70813751220703,1053742
2016-02-29,87.94999694824219,92.80000305175781,85.0999984741211,89.05000305175781,85.43507385253906,2566102
2016-03-01,89.19999694824219,99.0,89.19999694824219,97.9000015258789,93.92581176757812,2035895
2016-03-02,100.69999694824219,109.8499984741211,99.19999694824219,107.44999694824219,103.08812713623047,4174772
2016-03-03,109.0,109.0,104.94999694824219,106.0999984741211,101.79292297363281,1580053
2016-03-04,105.0,110.75,104.55000305175781,107.9000015258789,103.51985931396484,1602318
2016-03-08,106.80000305175781,109.44999694824219,105.44999694824219,107.05000305175781,102.70436096191406,1581641
2016-03-09,105.9000015258789,108.80000305175781,105.0,107.44999694824219,103.08812713623047,1432999
2016-03-10,107.80000305175781,108.5,105.30000305175781,106.0,101.69698333740234,1308669
2016-03-11,103.5,111.4000015258789,102.5999984741211,106.4000015258789,102.08074951171875,3714516
2016-03-14,107.0999984741211,108.69999694824219,104.30000305175781,105.5,101.21728515625,1287070
2016-03-15,106.0,107.5,105.05000305175781,105.69999694824219,101.40916442871094,957657
2016-03-16,106.80000305175781,108.30000305175781,104.9000015258789,106.5999984741211,102.27263641357422,1456167
2016-03-17,107.19999694824219,108.4000015258789,104.55000305175781,105.05000305175781,100.78556060791016,919631
2016-03-18,107.0999984741211,108.0,105.80000305175781,107.30000305175781,102.9442138671875,1082609
2016-03-21,107.8499984741211,110.0,106.80000305175781,109.19999694824219,104.76708221435547,1095927
2016-03-22,109.69999694824219,115.69999694824219,108.75,114.80000305175781,110.13975524902344,2073825
2016-03-23,115.44999694824219,116.5999984741211,111.05000305175781,115.30000305175781,110.61946105957031,1217778
2016-03-28,114.8499984741211,114.8499984741211,105.1500015258789,106.55000305175781,104.0291519165039,1241957
2016-03-29,107.0,108.44999694824219,105.69999694824219,106.75,104.22441864013672,929205
2016-03-30,107.80000305175781,116.30000305175781,107.6500015258789,115.05000305175781,112.32805633544922,1879738
2016-03-31,114.5999984741211,115.5999984741211,112.25,114.5999984741211,111.88870239257812,967772
2016-04-01,114.0,121.3499984741211,113.4000015258789,120.8499984741211,117.99082946777344,2561440
2016-04-04,121.0999984741211,121.75,117.4000015258789,118.6500015258789,115.84288024902344,1649037
2016-04-05,116.05000305175781,120.0999984741211,112.5,113.30000305175781,110.61946105957031,1899537
2016-04-06,113.94999694824219,117.0,112.44999694824219,114.55000305175781,111.83988189697266,1281516
2016-04-07,114.5,116.3499984741211,112.94999694824219,113.5,110.8147201538086,1050127
2016-04-08,113.0,119.0999984741211,113.0,118.44999694824219,115.64761352539062,1511608
2016-04-11,119.30000305175781,122.4000015258789,119.30000305175781,120.55000305175781,117.69793701171875,1577092
2016-04-12,121.0,122.0,118.5999984741211,119.5,116.67277526855469,1117926
2016-04-13,120.30000305175781,123.5999984741211,120.25,121.9000015258789,119.0159912109375,1526570
2016-04-18,122.4000015258789,125.5,121.0,124.94999694824219,121.99382781982422,1288772
2016-04-20,125.0,125.8499984741211,123.44999694824219,124.30000305175781,121.35921478271484,1066307
2016-04-21,124.9000015258789,127.25,122.05000305175781,123.05000305175781,120.13878631591797,1083872
2016-04-22,122.0,124.19999694824219,121.5999984741211,122.4000015258789,119.50416564941406,683234
2016-04-25,122.0,123.4000015258789,119.05000305175781,120.19999694824219,117.35620880126953,691412
2016-04-26,119.19999694824219,124.5999984741211,118.8499984741211,124.0999984741211,121.1639404296875,1058140
2016-04-27,124.19999694824219,125.3499984741211,122.44999694824219,123.1500015258789,120.23641967773438,565094
2016-04-28,123.0,128.75,122.5,125.69999694824219,122.72608947753906,1822847
2016-04-29,125.05000305175781,129.89999389648438,123.0999984741211,129.39999389648438,126.33854675292969,1326565
2016-05-02,129.0500030517578,131.35000610351562,127.6500015258789,128.60000610351562,125.55747985839844,1172546
2016-05-03,128.9499969482422,131.5500030517578,126.69999694824219,127.4000015258789,124.38587188720703,1298840
2016-05-04,126.69999694824219,127.69999694824219,119.55000305175781,120.44999694824219,117.60028839111328,765193
2016-05-05,121.0,125.5,119.44999694824219,124.55000305175781,121.60330200195312,1204783
2016-05-06,124.0,126.75,122.05000305175781,125.55000305175781,122.57964324951172,924374
2016-05-09,126.05000305175781,128.89999389648438,126.0,128.14999389648438,125.11811828613281,667619
2016-05-10,127.5999984741211,129.1999969482422,126.80000305175781,127.69999694824219,124.67876434326172,553349
2016-05-11,124.5,128.0,124.5,126.05000305175781,123.06781005859375,649044
2016-05-12,128.0,129.25,125.3499984741211,127.6500015258789,124.62995147705078,817361
2016-05-13,128.3000030517578,128.5,121.0999984741211,121.80000305175781,118.91836547851562,1368921
2016-05-16,122.0,124.5999984741211,120.19999694824219,124.3499984741211,121.40802001953125,914127
2016-05-17,125.0,127.1500015258789,123.0,124.1500015258789,121.21276092529297,851444
2016-05-18,123.80000305175781,127.9000015258789,121.5,127.5,124.48350524902344,1101549
2016-05-19,127.69999694824219,130.25,123.75,124.25,121.31039428710938,1721510
2016-05-20,124.5,126.0999984741211,122.0,122.8499984741211,119.94351196289062,911164
2016-05-23,123.5,124.30000305175781,120.5999984741211,121.5,118.62545776367188,719384
2016-05-24,121.5,122.5,117.4000015258789,120.30000305175781,117.45384979248047,717980
2016-05-25,122.55000305175781,123.9000015258789,121.55000305175781,122.75,119.84587860107422,725918
2016-05-26,123.0,128.8000030517578,122.1500015258789,127.9000015258789,124.87403869628906,1363736
2016-05-27,128.0,131.0,127.3499984741211,129.0,125.9480209350586,1260664
2016-05-30,129.0,134.0,126.0,126.3499984741211,123.36071014404297,1599325
2016-05-31,127.0,131.5,126.1500015258789,129.85000610351562,126.77791595458984,1881558
2016-06-01,130.0,133.39999389648438,128.1999969482422,132.6999969482422,129.5604705810547,2158329
2016-06-02,133.0,134.39999389648438,131.8000030517578,133.75,130.58563232421875,1315925
2016-06-03,134.0,137.14999389648438,130.5500030517578,132.0500030517578,128.92584228515625,1696491
2016-06-06,133.39999389648438,133.89999389648438,131.25,132.4499969482422,129.31639099121094,682338
2016-06-07,133.5,135.60000610351562,131.85000610351562,135.10000610351562,131.90371704101562,891395
2016-06-08,134.89999389648438,137.4499969482422,133.85000610351562,136.75,133.51466369628906,1056473
2016-06-09,137.0,138.0,134.89999389648438,136.0,132.7823944091797,710723
2016-06-10,136.75,137.5500030517578,133.25,134.0,130.82972717285156,679186
2016-06-13,132.75,132.75,128.6999969482422,130.5,127.41252136230469,765407
2016-06-14,133.0,134.0,131.6999969482422,132.64999389648438,129.51165771484375,698456
2016-06-15,132.64999389648438,133.4499969482422,131.75,132.64999389648438,129.51165771484375,356925
2016-06-16,133.0,133.0500030517578,128.5,131.0,127.90069580078125,617440
2016-06-17,133.39999389648438,135.75,132.89999389648438,134.4499969482422,131.26907348632812,989417
2016-06-20,133.89999389648438,140.3000030517578,133.0500030517578,138.60000610351562,135.32090759277344,1678558
2016-06-21,139.0,139.4499969482422,136.64999389648438,137.9499969482422,134.68626403808594,758509
2016-06-22,138.6999969482422,141.1999969482422,137.4499969482422,140.10000610351562,136.785400390625,1164448
2016-06-23,139.10000610351562,139.35000610351562,136.14999389648438,138.10000610351562,134.83273315429688,635022
2016-06-24,131.5,133.89999389648438,126.69999694824219,133.1999969482422,130.04864501953125,1727293
2016-06-27,133.0,135.75,132.1999969482422,134.60000610351562,131.41552734375,464312
2016-06-28,134.0,136.10000610351562,132.5500030517578,133.5,130.341552734375,831765
2016-06-29,139.10000610351562,147.6999969482422,139.10000610351562,143.9499969482422,140.5443115234375,4467335
2016-06-30,145.0,150.6999969482422,144.4499969482422,150.0,146.451171875,2004528
2016-07-01,150.64999389648438,152.39999389648438,149.10000610351562,151.35000610351562,147.76925659179688,1522963
2016-07-04,152.0,160.85000610351562,151.10000610351562,158.60000610351562,154.84771728515625,2047892
2016-07-05,158.4499969482422,160.4499969482422,155.3000030517578,156.75,153.04147338867188,1148289
2016-07-07,157.0500030517578,159.0,154.60000610351562,155.10000610351562,151.43052673339844,779344
2016-07-08,158.5500030517578,159.25,152.89999389648438,154.60000610351562,150.94235229492188,1125265
2016-07-11,157.0,158.89999389648438,156.75,157.89999389648438,154.1642608642578,676705
2016-07-12,157.9499969482422,161.9499969482422,155.75,160.89999389648438,157.09327697753906,1075593
2016-07-13,162.0,163.3000030517578,153.14999389648438,157.0500030517578,153.33438110351562,1945778
2016-07-14,156.89999389648438,158.4499969482422,155.60000610351562,156.5,152.79739379882812,547141
2016-07-15,157.14999389648438,159.10000610351562,155.1999969482422,157.14999389648438,153.43202209472656,1104094
2016-07-18,157.0,159.25,153.3000030517578,154.25,150.6006317138672,704394
2016-07-19,154.25,155.25,150.0500030517578,152.10000610351562,148.5015106201172,1065340
2016-07-20,152.9499969482422,158.89999389648438,152.0,157.6999969482422,153.968994140625,894831
2016-07-21,158.1999969482422,159.39999389648438,153.85000610351562,154.6999969482422,151.03997802734375,621301
2016-07-22,154.89999389648438,159.3000030517578,153.6999969482422,158.85000610351562,155.091796875,1346060
2016-07-25,158.35000610351562,164.3000030517578,157.10000610351562,163.5,159.6317901611328,1407002
2016-07-26,164.0,164.89999389648438,159.39999389648438,160.35000610351562,156.5563201904297,928128
2016-07-27,162.9499969482422,162.9499969482422,156.4499969482422,160.35000610351562,156.5563201904297,723088
2016-07-28,162.0,163.0,160.0,161.85000610351562,158.02081298828125,592348
2016-07-29,162.0,165.5,161.14999389648438,162.10000610351562,158.26490783691406,1075175
2016-08-01,162.0,163.85000610351562,157.5,161.39999389648438,157.58145141601562,1099983
2016-08-02,162.0,162.0,156.8000030517578,158.3000030517578,154.5548095703125,881070
2016-08-03,158.39999389648438,159.0500030517578,153.75,154.8000030517578,151.1376190185547,497915
2016-08-04,156.0,163.60000610351562,152.85000610351562,162.3000030517578,158.46017456054688,1019223
2016-08-05,163.0,165.8000030517578,161.14999389648438,164.8000030517578,160.90103149414062,1273795
2016-08-08,165.85000610351562,167.5,164.1999969482422,165.6999969482422,161.77972412109375,1242518
2016-08-09,165.6999969482422,168.25,163.14999389648438,166.75,162.80490112304688,900430
2016-08-10,166.89999389648438,169.1999969482422,163.64999389648438,166.35000610351562,162.41436767578125,1101370
2016-08-11,166.60000610351562,166.64999389648438,159.0500030517578,161.89999389648438,158.06964111328125,1342743
2016-08-12,162.60000610351562,164.10000610351562,161.14999389648438,162.5,158.6554412841797,716465
2016-08-16,162.0,165.89999389648438,159.3000030517578,165.0500030517578,161.14511108398438,887847
2016-08-17,166.60000610351562,168.0500030517578,164.1999969482422,165.75,161.8285675048828,721299
2016-08-18,166.0,168.75,165.60000610351562,167.3000030517578,163.3418731689453,565980
2016-08-19,167.10000610351562,169.60000610351562,166.10000610351562,167.6999969482422,163.732421875,794518
2016-08-22,167.0,168.1999969482422,163.8000030517578,164.5500030517578,160.6569366455078,653818
2016-08-23,164.0,166.0,161.14999389648438,162.85000610351562,158.99716186523438,487335
2016-08-24,163.39999389648438,164.75,162.10000610351562,164.14999389648438,160.2664031982422,386434
2016-08-25,164.3000030517578,165.8000030517578,161.0,161.8000030517578,157.9720001220703,467383
2016-08-26,162.5,163.6999969482422,158.5,159.89999389648438,156.11695861816406,955379
2016-08-29,159.9499969482422,160.10000610351562,156.6999969482422,158.3000030517578,154.5548095703125,745033
2016-08-30,157.39999389648438,163.4499969482422,155.10000610351562,162.1999969482422,158.362548828125,1467972
2016-08-31,163.89999389648438,165.1999969482422,154.10000610351562,155.1999969482422,151.52813720703125,1383455
2016-09-01,155.0,156.25,146.75,148.60000610351562,145.0843048095703,1276052
2016-09-02,149.9499969482422,151.85000610351562,148.3000030517578,149.89999389648438,146.35353088378906,847814
2016-09-06,152.0,152.6999969482422,149.10000610351562,150.5500030517578,146.98817443847656,801654
2016-09-07,150.0,154.5,149.3000030517578,151.8000030517578,148.20860290527344,1254351
2016-09-08,152.39999389648438,157.64999389648438,152.0500030517578,156.60000610351562,152.89503479003906,1558057
2016-09-09,156.60000610351562,159.3000030517578,152.6999969482422,157.8000030517578,154.06663513183594,1380310
2016-09-12,154.85000610351562,154.85000610351562,143.0,145.0500030517578,141.61830139160156,1771048
2016-09-14,145.25,148.10000610351562,142.6999969482422,144.60000610351562,141.17893981933594,1486717
2016-09-15,143.6999969482422,146.5,142.39999389648438,144.5,141.081298828125,1328028
2016-09-16,145.5,149.3000030517578,145.1999969482422,146.14999389648438,142.6922607421875,1612762
2016-09-19,147.0,152.4499969482422,145.75,151.64999389648438,148.06214904785156,1477612
2016-09-20,152.0,152.1999969482422,146.39999389648438,147.75,144.25440979003906,949154
2016-09-21,147.75,150.25,147.60000610351562,148.3000030517578,144.79139709472656,676764
2016-09-22,149.0500030517578,154.1999969482422,149.0500030517578,153.8000030517578,150.16128540039062,1280264
2016-09-23,155.9499969482422,159.14999389648438,153.3000030517578,155.85000610351562,152.16278076171875,2256803
2016-09-26,155.25,156.64999389648438,150.0500030517578,152.89999389648438,149.2825469970703,1166045
2016-09-27,153.5,154.6999969482422,151.3000030517578,153.5,149.8683624267578,686370
2016-09-28,153.9499969482422,156.89999389648438,153.0,156.0500030517578,152.35804748535156,832995
2016-09-29,157.10000610351562,158.0,138.3000030517578,140.1999969482422,136.88302612304688,2028729
2016-09-30,142.0,147.10000610351562,140.1999969482422,146.1999969482422,142.74107360839844,1441574
2016-10-03,148.0,153.39999389648438,147.9499969482422,152.6999969482422,149.08729553222656,911120
2016-10-04,153.89999389648438,154.1999969482422,151.10000610351562,153.64999389648438,150.01483154296875,1291616
2016-10-05,155.0,160.25,152.3000030517578,158.89999389648438,155.14060974121094,2166134
2016-10-06,159.25,160.10000610351562,153.5500030517578,155.3000030517578,151.62579345703125,1012929
2016-10-07,155.39999389648438,157.1999969482422,154.3000030517578,155.89999389648438,152.21157836914062,732702
2016-10-10,156.3000030517578,156.5,153.0,153.9499969482422,150.30772399902344,479733
2016-10-13,153.5,153.5,144.85000610351562,147.60000610351562,144.1079559326172,1055495
2016-10-14,147.60000610351562,151.5,146.64999389648438,150.14999389648438,146.5976104736328,628425
2016-10-17,151.0,151.89999389648438,145.75,146.8000030517578,143.32688903808594,1044152
2016-10-18,147.64999389648438,152.14999389648438,147.64999389648438,151.6999969482422,148.11094665527344,746170
2016-10-19,151.8000030517578,152.1999969482422,149.10000610351562,150.25,146.6952667236328,664326
2016-10-20,150.5,155.1999969482422,150.0,153.8000030517578,150.16128540039062,939988
2016-10-21,155.0,157.25,154.35000610351562,156.14999389648438,152.45567321777344,880230
2016-10-24,157.4499969482422,157.8000030517578,153.5500030517578,155.10000610351562,151.43052673339844,523793
2016-10-25,155.8000030517578,155.8000030517578,153.25,154.0500030517578,150.40536499023438,454836
2016-10-26,153.5,155.39999389648438,150.60000610351562,152.0500030517578,148.4526824951172,691071
2016-10-27,152.0,152.1999969482422,146.5500030517578,148.6999969482422,145.1819305419922,736063
2016-10-28,148.3000030517578,151.35000610351562,148.3000030517578,150.4499969482422,146.89053344726562,975175
2016-11-01,150.3000030517578,151.85000610351562,148.60000610351562,149.64999389648438,146.1094512939453,1368872
2016-11-02,148.0,148.0,144.14999389648438,145.10000610351562,141.66709899902344,1316476
2016-11-03,145.0,146.8000030517578,142.60000610351562,143.1999969482422,139.8120574951172,794491
2016-11-04,144.0,144.14999389648438,138.5,139.6999969482422,136.39486694335938,1214093
2016-11-07,140.60000610351562,145.0,140.60000610351562,143.75,140.3490447998047,592341
2016-11-08,143.9499969482422,144.5,141.4499969482422,143.64999389648438,140.25140380859375,453887
2016-11-09,129.3000030517578,129.3000030517578,108.55000305175781,118.55000305175781,115.74524688720703,4801535
2016-11-10,120.9000015258789,133.4499969482422,120.3499984741211,124.8499984741211,121.89619445800781,2632372
2016-11-11,120.69999694824219,121.5,113.0,116.69999694824219,113.93901062011719,2131526
2016-11-15,117.0,118.19999694824219,110.5999984741211,114.4000015258789,111.69342803955078,1769162
2016-11-16,116.0999984741211,118.5999984741211,108.0,108.5999984741211,106.03064727783203,2393253
2016-11-17,108.9000015258789,113.3499984741211,107.3499984741211,112.19999694824219,109.54547882080078,1564994
2016-11-18,112.9000015258789,117.19999694824219,110.5,116.4000015258789,113.6461181640625,1797519
2016-11-21,116.94999694824219,117.0,107.4000015258789,108.6500015258789,106.0794677734375,2293085
2016-11-22,109.0,112.69999694824219,103.8499984741211,111.0,108.37387084960938,3017280
2016-11-23,112.6500015258789,117.44999694824219,112.30000305175781,116.8499984741211,114.08546447753906,1525547
2016-11-24,114.30000305175781,115.69999694824219,112.0999984741211,113.1500015258789,110.47300720214844,1395936
2016-11-25,114.0,114.5,110.0999984741211,112.3499984741211,109.69193267822266,1774087
2016-11-28,112.0,114.55000305175781,111.75,112.9000015258789,110.22891998291016,1073629
2016-11-29,113.0,116.80000305175781,113.0,114.9000015258789,112.18160247802734,1191640
2016-11-30,115.05000305175781,116.1500015258789,113.3499984741211,115.05000305175781,112.32805633544922,775091
2016-12-01,115.4000015258789,115.9000015258789,111.5,112.3499984741211,109.69193267822266,1234292
2016-12-02,110.0,111.9000015258789,109.19999694824219,109.75,107.1534423828125,1207256
2016-12-05,110.0,115.25,109.4000015258789,113.3499984741211,110.66827392578125,1039715
2016-12-06,115.44999694824219,116.94999694824219,114.44999694824219,116.0,113.25557708740234,932225
2016-12-07,116.0999984741211,117.4000015258789,110.9000015258789,111.9000015258789,109.25257873535156,1021957
2016-12-08,114.0,114.94999694824219,112.5999984741211,113.30000305175781,110.61946105957031,648486
2016-12-09,113.5,115.5999984741211,113.19999694824219,114.9000015258789,112.18160247802734,673038
2016-12-12,115.5999984741211,116.80000305175781,112.30000305175781,113.30000305175781,110.61946105957031,924601
2016-12-13,114.3499984741211,114.3499984741211,111.0,112.19999694824219,109.54547882080078,624602
2016-12-14,113.05000305175781,114.5,111.5999984741211,112.69999694824219,110.03364562988281,1502600
2016-12-15,112.0,114.0,111.0,112.80000305175781,110.13128662109375,567548
2016-12-16,112.8499984741211,113.25,111.05000305175781,111.75,109.10613250732422,517330
2016-12-19,112.94999694824219,112.94999694824219,111.30000305175781,111.80000305175781,109.15494537353516,348049
2016-12-20,113.0,113.80000305175781,111.4000015258789,112.9000015258789,110.22891998291016,562314
2016-12-21,113.0,118.30000305175781,113.0,117.5,114.7200927734375,1011409
2016-12-22,117.30000305175781,118.4000015258789,114.4000015258789,115.30000305175781,112.57213592529297,1100919
2016-12-23,114.9000015258789,116.0,113.05000305175781,113.5,110.8147201538086,582440
2016-12-26,112.30000305175781,112.9000015258789,104.4000015258789,105.3499984741211,102.8575439453125,1342565
2016-12-27,103.44999694824219,109.4000015258789,101.05000305175781,108.4000015258789,105.83538818359375,1970142
2016-12-28,108.0999984741211,109.44999694824219,106.1500015258789,107.69999694824219,105.15194702148438,873568
2016-12-29,107.05000305175781,111.19999694824219,106.5,110.19999694824219,107.5927963256836,616743
2016-12-30,110.55000305175781,113.25,110.05000305175781,111.3499984741211,108.71558380126953,980059
2017-01-02,115.5,120.9000015258789,114.0,118.75,115.94051361083984,2131308
2017-01-03,119.4000015258789,120.9000015258789,116.69999694824219,119.1500015258789,116.3310546875,1176715
2017-01-04,119.9000015258789,125.8499984741211,119.05000305175781,125.44999694824219,122.48200225830078,2008036
2017-01-05,126.5,127.8499984741211,124.55000305175781,126.69999694824219,123.70243072509766,1472095
2017-01-06,126.69999694824219,129.10000610351562,125.0999984741211,126.5999984741211,123.60479736328125,1203724
2017-01-09,126.0999984741211,128.8000030517578,125.25,126.55000305175781,123.55597686767578,734205
2017-01-10,127.0999984741211,127.80000305175781,124.1500015258789,125.4000015258789,122.43318939208984,710431
2017-01-11,125.69999694824219,126.19999694824219,124.5,125.25,122.28673553466797,703262
2017-01-12,126.0,126.75,123.4000015258789,125.19999694824219,122.2379150390625,735510
2017-01-13,125.0,125.8499984741211,122.55000305175781,124.0999984741211,121.1639404296875,701886
2017-01-16,125.94999694824219,131.10000610351562,125.0999984741211,129.60000610351562,126.5338134765625,1745746
2017-01-17,130.0,132.75,130.0,131.4499969482422,128.3400421142578,1249769
2017-01-18,131.0,132.75,131.0,131.8000030517578,128.6817626953125,1064375
2017-01-19,131.10000610351562,133.10000610351562,131.10000610351562,132.1999969482422,129.07229614257812,980485
2017-01-20,131.10000610351562,134.14999389648438,127.80000305175781,128.60000610351562,125.55747985839844,915782
2017-01-23,128.4499969482422,131.1999969482422,127.19999694824219,130.6999969482422,127.60778045654297,610656
2017-01-24,131.0,131.9499969482422,130.1999969482422,131.4499969482422,128.3400421142578,453346
2017-01-25,132.89999389648438,138.0,131.6999969482422,136.89999389648438,133.66110229492188,1424077
2017-01-27,138.39999389648438,140.0500030517578,134.5500030517578,135.64999389648438,132.440673828125,986702
2017-01-30,135.0,138.6999969482422,134.85000610351562,136.8000030517578,133.5634765625,683904
2017-01-31,136.8000030517578,138.39999389648438,134.14999389648438,134.9499969482422,131.7572479248047,634957
2017-02-01,138.9499969482422,145.5,135.6999969482422,144.0500030517578,140.64195251464844,2713515
2017-02-02,144.10000610351562,144.10000610351562,139.9499969482422,141.64999389648438,138.29872131347656,1389789
2017-02-03,141.8000030517578,144.8000030517578,141.14999389648438,143.5500030517578,140.1537628173828,901495
2017-02-06,144.89999389648438,149.25,144.1999969482422,145.4499969482422,142.00881958007812,1481041
2017-02-07,146.1999969482422,146.1999969482422,142.35000610351562,143.75,140.3490447998047,632988
2017-02-08,144.0,146.5,141.8000030517578,145.5,142.05764770507812,842381
2017-02-09,146.0,150.0,145.0,148.25,144.74258422851562,1231433
2017-02-10,148.9499969482422,149.0,145.89999389648438,147.85000610351562,144.35203552246094,537164
2017-02-13,147.85000610351562,149.4499969482422,145.64999389648438,147.75,144.25440979003906,724954
2017-02-14,148.25,152.0500030517578,146.10000610351562,147.5,144.0103302001953,1637163
2017-02-15,143.10000610351562,143.75,136.25,137.1999969482422,133.95401000976562,1525104
2017-02-16,137.0,141.8000030517578,134.39999389648438,141.0,137.6641082763672,1107942
2017-02-17,141.10000610351562,143.0,139.60000610351562,142.3000030517578,138.93336486816406,833129
2017-02-20,142.89999389648438,147.89999389648438,141.5,146.3000030517578,142.8386993408203,840031
2017-02-21,146.89999389648438,147.0,144.3000030517578,145.4499969482422,142.00881958007812,2114644
2017-02-22,145.5,149.3000030517578,145.0,145.9499969482422,142.4969940185547,805847
2017-02-23,146.0,149.25,145.3000030517578,148.5,144.98666381835938,624171
2017-02-27,149.0,149.6999969482422,146.1999969482422,146.85000610351562,143.37571716308594,527806
2017-02-28,146.0,152.64999389648438,146.0,150.4499969482422,146.89053344726562,1004823
2017-03-01,154.5,155.35000610351562,152.60000610351562,153.5500030517578,149.9171905517578,1283248
2017-03-02,155.6999969482422,155.6999969482422,139.5,141.10000610351562,137.76174926757812,3068868
2017-03-03,140.0,144.75,140.0,144.10000610351562,140.69078063964844,1121285
2017-03-06,145.5,146.1999969482422,142.39999389648438,145.60000610351562,142.1552734375,1021534
2017-03-07,145.14999389648438,146.39999389648438,143.8000030517578,145.10000610351562,141.66709899902344,541497
2017-03-08,145.0,146.0,140.6999969482422,142.75,139.37271118164062,829654
2017-03-09,142.75,144.1999969482422,141.35000610351562,142.39999389648438,139.03097534179688,536787
2017-03-10,142.5,144.14999389648438,141.0,141.89999389648438,138.5428009033203,777748
2017-03-14,145.0,147.25,143.1999969482422,146.1999969482422,142.74107360839844,996237
2017-03-15,145.0500030517578,147.60000610351562,145.0,146.39999389648438,142.93634033203125,546791
2017-03-16,147.25,149.89999389648438,147.25,149.14999389648438,145.62127685546875,632944
2017-03-17,149.8000030517578,150.64999389648438,146.60000610351562,147.5500030517578,144.05914306640625,589982
2017-03-20,147.35000610351562,149.1999969482422,146.75,147.60000610351562,144.1079559326172,368335
2017-03-21,147.89999389648438,148.89999389648438,146.0,148.3000030517578,144.79139709472656,525068
2017-03-22,147.1999969482422,147.5,144.4499969482422,145.5500030517578,142.10646057128906,544294
2017-03-23,146.5,147.5,145.75,146.6999969482422,143.229248046875,415934
2017-03-24,146.89999389648438,149.35000610351562,146.4499969482422,148.0,144.4984893798828,589369
2017-03-27,146.60000610351562,148.8000030517578,146.60000610351562,147.4499969482422,143.96151733398438,461597
2017-03-28,147.5500030517578,150.0,147.5500030517578,149.0500030517578,145.52366638183594,410882
2017-03-29,149.39999389648438,150.4499969482422,148.3000030517578,148.89999389648438,145.37721252441406,386925
2017-03-30,148.89999389648438,151.89999389648438,148.14999389648438,149.85000610351562,146.3047332763672,658775
2017-03-31,151.10000610351562,151.10000610351562,148.25,148.6999969482422,145.1819305419922,415567
2017-04-03,149.0,149.10000610351562,146.14999389648438,146.8000030517578,143.32688903808594,581016
2017-04-05,146.8000030517578,150.60000610351562,146.8000030517578,149.6999969482422,146.15826416015625,719844
2017-04-06,149.5,158.8000030517578,148.8000030517578,156.39999389648438,152.69976806640625,2222291
2017-04-07,157.0,159.3000030517578,153.0,154.0,150.35653686523438,1027632
2017-04-10,154.89999389648438,157.5,153.25,156.75,153.04147338867188,767104
2017-04-11,154.89999389648438,160.6999969482422,154.89999389648438,159.35000610351562,155.57997131347656,795165
2017-04-12,159.25,162.14999389648438,156.0,159.9499969482422,156.16575622558594,1198151
2017-04-13,160.0,161.75,158.60000610351562,159.6999969482422,155.9216766357422,768442
2017-04-17,159.5,173.60000610351562,158.0,172.60000610351562,168.51649475097656,2809066
2017-04-18,173.25,175.5500030517578,164.0,165.14999389648438,161.24273681640625,1617312
2017-04-19,163.3000030517578,170.3000030517578,162.0,169.5,165.48983764648438,1149112
2017-04-20,170.0,173.25,169.10000610351562,172.0,167.93069458007812,1005348
2017-04-21,172.1999969482422,187.89999389648438,171.35000610351562,182.6999969482422,178.37753295898438,5064017
2017-04-24,183.89999389648438,194.4499969482422,183.10000610351562,190.0,185.50482177734375,3297623
2017-04-25,192.6999969482422,197.39999389648438,192.10000610351562,194.25,189.65428161621094,1815302
2017-04-26,195.0,196.60000610351562,180.14999389648438,187.4499969482422,183.01515197753906,1818874
2017-04-27,188.0,191.3000030517578,184.8000030517578,189.60000610351562,185.1143035888672,984956
2017-04-28,189.0,190.3000030517578,184.8000030517578,186.0,181.59945678710938,765166
2017-05-02,187.0,192.0,186.14999389648438,189.35000610351562,184.87022399902344,1193994
2017-05-03,190.0,193.4499969482422,187.1999969482422,190.4499969482422,185.9441680908203,903192
2017-05-04,190.4499969482422,191.35000610351562,183.9499969482422,186.6999969482422,182.28289794921875,848169
2017-05-05,187.0,188.75,182.5,185.6999969482422,181.30654907226562,911909
2017-05-08,186.1999969482422,198.4499969482422,183.1999969482422,196.85000610351562,192.19276428222656,1898797
2017-05-09,198.6999969482422,203.35000610351562,198.14999389648438,199.25,194.53598022460938,1360525
2017-05-10,200.39999389648438,201.3000030517578,196.3000030517578,199.39999389648438,194.68243408203125,804152
2017-05-11,200.39999389648438,206.3000030517578,199.10000610351562,202.85000610351562,198.0508270263672,1562630
2017-05-12,202.89999389648438,209.39999389648438,197.1999969482422,207.9499969482422,203.03013610839844,1607784
2017-05-15,209.10000610351562,211.75,207.35000610351562,210.0,205.03164672851562,1395705
2017-05-16,210.0,213.35000610351562,208.39999389648438,212.25,207.22842407226562,1162785
2017-05-17,212.0,215.8000030517578,210.35000610351562,214.39999389648438,209.32754516601562,1104391
2017-05-18,213.4499969482422,213.85000610351562,206.60000610351562,207.6999969482422,202.78607177734375,701098
2017-05-19,208.0,212.5,200.8000030517578,207.4499969482422,202.54197692871094,961748
2017-05-22,208.25,211.39999389648438,204.25,205.1999969482422,200.34519958496094,741308
2017-05-23,205.0,206.39999389648438,192.5500030517578,197.64999389648438,192.97381591796875,1327052
2017-05-24,197.8000030517578,199.39999389648438,186.75,190.25,185.74891662597656,1378957
2017-05-25,191.64999389648438,196.0,188.1999969482422,194.60000610351562,189.99600219726562,795798
2017-05-26,195.10000610351562,197.25,192.60000610351562,194.39999389648438,189.8007354736328,794341
2017-05-29,188.89999389648438,192.5,175.14999389648438,176.10000610351562,171.93368530273438,2185120
2017-05-30,175.0,180.85000610351562,170.5500030517578,180.14999389648438,175.8878631591797,1718843
2017-05-31,179.0,183.64999389648438,177.10000610351562,179.64999389648438,175.39968872070312,1335488
2017-06-01,179.0500030517578,181.5,175.89999389648438,176.8000030517578,172.61712646484375,833982
2017-06-02,177.89999389648438,178.39999389648438,174.39999389648438,175.85000610351562,171.6896209716797,657096
2017-06-05,175.0,179.25,174.8000030517578,177.1999969482422,173.00765991210938,692465
2017-06-06,178.10000610351562,178.35000610351562,171.89999389648438,175.35000610351562,171.20143127441406,814851
2017-06-07,175.35000610351562,179.60000610351562,173.0500030517578,174.60000610351562,170.46917724609375,919828
2017-06-08,174.0500030517578,179.39999389648438,171.60000610351562,176.0500030517578,171.88487243652344,1157229
2017-06-09,174.10000610351562,185.4499969482422,174.10000610351562,184.60000610351562,180.2325897216797,1524122
2017-06-12,182.60000610351562,188.1999969482422,182.14999389648438,183.85000610351562,179.50033569335938,1624955
2017-06-13,184.6999969482422,187.5500030517578,184.14999389648438,185.0500030517578,180.6719512939453,817393
2017-06-14,184.89999389648438,189.64999389648438,183.25,187.5500030517578,183.11279296875,799484
2017-06-15,188.25,193.0,188.25,192.10000610351562,187.55516052246094,1539028
2017-06-16,193.6999969482422,198.3000030517578,191.5,193.25,188.6779327392578,1715447
2017-06-19,193.89999389648438,195.4499969482422,190.60000610351562,192.3000030517578,187.7504119873047,870424
2017-06-20,192.64999389648438,196.25,189.85000610351562,194.60000610351562,189.99600219726562,716640
2017-06-21,194.3000030517578,198.6999969482422,193.64999389648438,197.14999389648438,192.4856719970703,836270
2017-06-22,199.0,203.60000610351562,190.85000610351562,195.64999389648438,191.02113342285156,1744959
2017-06-23,196.4499969482422,197.89999389648438,186.25,192.35000610351562,187.7992401123047,1824380
2017-06-27,192.6999969482422,193.5,186.0,187.64999389648438,183.21041870117188,1005251
2017-06-28,186.35000610351562,192.8000030517578,183.89999389648438,190.60000610351562,186.0906219482422,1204878
2017-06-29,192.39999389648438,195.14999389648438,190.89999389648438,194.10000610351562,189.50782775878906,944051
2017-06-30,191.0500030517578,192.5,188.14999389648438,190.6999969482422,186.1882781982422,962578
2017-07-03,191.6999969482422,195.1999969482422,190.3000030517578,194.35000610351562,189.75192260742188,662923
2017-07-04,195.8000030517578,196.89999389648438,192.8000030517578,195.14999389648438,190.53297424316406,1052190
2017-07-05,195.14999389648438,198.0,194.64999389648438,197.39999389648438,192.72975158691406,868542
2017-07-06,197.9499969482422,203.8000030517578,197.5,201.14999389648438,196.39102172851562,1359369
2017-07-07,198.89999389648438,204.0,198.89999389648438,202.6999969482422,197.9043426513672,667890
2017-07-10,202.0,206.35000610351562,202.0,203.35000610351562,198.5389862060547,1455678
2017-07-11,203.3000030517578,204.60000610351562,198.10000610351562,198.89999389648438,194.19424438476562,912883
2017-07-12,199.1999969482422,201.6999969482422,198.5,200.64999389648438,195.90284729003906,524946
2017-07-13,202.0,202.8000030517578,199.0,200.1999969482422,195.4635009765625,481472
2017-07-14,199.89999389648438,203.4499969482422,199.1999969482422,201.35000610351562,196.5863037109375,620425
2017-07-17,203.3000030517578,205.10000610351562,201.39999389648438,203.89999389648438,199.07595825195312,502909
2017-07-18,203.75,205.3000030517578,198.89999389648438,200.0500030517578,195.31704711914062,572190
2017-07-19,200.0,203.5,200.0,202.1999969482422,197.4161834716797,415099
2017-07-20,202.89999389648438,207.0500030517578,202.10000610351562,203.0,198.197265625,1388027
2017-07-21,203.0,204.0500030517578,193.8000030517578,196.4499969482422,191.80221557617188,1280910
2017-07-24,196.3000030517578,198.3000030517578,193.0,194.25,189.65428161621094,534606
2017-07-25,194.25,196.3000030517578,193.0500030517578,194.35000610351562,189.75192260742188,455857
2017-07-26,195.3000030517578,197.85000610351562,195.0,195.5500030517578,190.92352294921875,456361
2017-07-27,195.5500030517578,198.0,190.25,195.6999969482422,191.06996154785156,918101
2017-07-28,195.3000030517578,195.39999389648438,190.3000030517578,191.5,186.96934509277344,569292
2017-07-31,192.3000030517578,194.75,190.0,193.39999389648438,188.82437133789062,3046660
2017-08-01,194.60000610351562,195.64999389648438,192.35000610351562,193.5,188.92202758789062,754679
2017-08-02,194.0,195.39999389648438,191.0,193.0500030517578,188.482666015625,696030
2017-08-03,193.0,196.14999389648438,189.0,190.1999969482422,185.70008850097656,863771
2017-08-04,189.25,191.60000610351562,187.6999969482422,189.9499969482422,185.4560089111328,686714
2017-08-07,191.39999389648438,193.35000610351562,190.14999389648438,191.4499969482422,186.92051696777344,542360
2017-08-08,192.0,192.6999969482422,176.75,178.5,174.27688598632812,1513475
2017-08-09,176.0,182.8000030517578,172.64999389648438,178.64999389648438,174.42333984375,1465260
2017-08-10,177.4499969482422,180.0,156.1999969482422,164.35000610351562,160.46168518066406,1591625
2017-08-11,162.6999969482422,165.89999389648438,153.10000610351562,155.39999389648438,151.72340393066406,1547039
2017-08-14,160.0,184.1999969482422,160.0,181.0500030517578,176.76657104492188,2908570
2017-08-16,181.75,183.10000610351562,174.35000610351562,180.64999389648438,176.3760223388672,1256062
2017-08-17,181.0,189.3000030517578,179.85000610351562,185.14999389648438,180.76956176757812,1912709
2017-08-18,182.5,185.14999389648438,178.60000610351562,183.4499969482422,179.1097869873047,1084224
2017-08-21,183.0,184.89999389648438,179.35000610351562,180.5500030517578,176.2783966064453,983117
2017-08-22,181.5,183.9499969482422,169.1999969482422,175.3000030517578,171.15260314941406,1559983
2017-08-23,182.0,189.0,179.1999969482422,186.0,181.59945678710938,2017557
2017-08-24,185.89999389648438,188.9499969482422,184.3000030517578,186.5500030517578,182.13644409179688,953269
2017-08-28,190.35000610351562,192.4499969482422,177.39999389648438,179.75,175.49732971191406,2551047
2017-08-29,179.39999389648438,185.5,176.39999389648438,182.0,177.69410705566406,1736898
2017-08-30,183.6999969482422,186.0,181.89999389648438,182.89999389648438,178.5727996826172,717439
2017-08-31,182.0,186.5,179.8000030517578,185.0500030517578,180.6719512939453,881134
2017-09-01,185.5,193.89999389648438,184.5,192.0,187.45750427246094,1718133
2017-09-04,190.5,191.39999389648438,182.64999389648438,188.0500030517578,183.60096740722656,996112
2017-09-05,189.0,191.8000030517578,187.3000030517578,191.14999389648438,186.62762451171875,593162
2017-09-06,187.14999389648438,194.1999969482422,187.14999389648438,192.4499969482422,187.8968505859375,975907
2017-09-07,194.0,195.64999389648438,192.35000610351562,193.1999969482422,188.6291046142578,523305
2017-09-08,194.0,194.5,188.85000610351562,191.75,187.2134246826172,465269
2017-09-11,190.5,194.3000030517578,190.5,192.89999389648438,188.33619689941406,357733
2017-09-12,192.5500030517578,198.39999389648438,192.5500030517578,196.5,191.85104370117188,828615
2017-09-13,196.8000030517578,197.60000610351562,192.10000610351562,192.89999389648438,188.33619689941406,564649
2017-09-14,193.89999389648438,195.9499969482422,191.60000610351562,193.60000610351562,189.0196533203125,648501
2017-09-15,192.0,193.39999389648438,190.5500030517578,191.89999389648438,187.35986328125,515378
2017-09-18,192.0,195.3000030517578,192.0,194.0,189.41018676757812,252628
2017-09-19,194.10000610351562,196.0,189.64999389648438,190.9499969482422,188.37435913085938,592421
2017-09-20,192.1999969482422,192.1999969482422,188.89999389648438,190.0,187.43716430664062,315596
2017-09-21,190.0,190.85000610351562,183.39999389648438,184.9499969482422,182.4552764892578,653348
2017-09-22,181.89999389648438,182.8000030517578,172.0,173.5,171.15972900390625,1158407
2017-09-25,173.5,174.10000610351562,164.35000610351562,166.9499969482422,164.6980743408203,1406822
2017-09-26,168.3000030517578,172.0,166.4499969482422,169.60000610351562,167.31234741210938,1135721
2017-09-27,170.10000610351562,171.8000030517578,159.14999389648438,160.3000030517578,158.1377716064453,1050549
2017-09-28,160.8000030517578,163.4499969482422,158.39999389648438,161.9499969482422,159.76551818847656,1156007
2017-09-29,163.0500030517578,168.89999389648438,163.0,164.0,161.78787231445312,704198
2017-10-03,167.89999389648438,171.0,166.0500030517578,167.60000610351562,165.3393096923828,1075834
2017-10-04,168.0500030517578,168.8000030517578,166.0,166.60000610351562,164.35281372070312,475384
2017-10-05,166.60000610351562,171.6999969482422,166.10000610351562,170.89999389648438,168.59478759765625,910582
2017-10-06,170.0,174.25,170.0,171.4499969482422,169.1373748779297,427044
2017-10-09,171.5,174.75,168.35000610351562,173.0500030517578,170.71580505371094,705655
2017-10-10,173.0,173.5,171.39999389648438,172.14999389648438,169.8279266357422,402072
2017-10-11,172.39999389648438,175.75,169.0,170.39999389648438,168.10153198242188,631957
2017-10-12,171.0,173.5,169.4499969482422,172.75,170.4198455810547,392425
2017-10-13,173.75,175.25,171.9499969482422,172.9499969482422,170.6171417236328,384566
2017-10-16,172.9499969482422,174.64999389648438,171.0,172.9499969482422,170.6171417236328,313256
2017-10-17,172.3000030517578,179.5,172.3000030517578,178.85000610351562,176.43756103515625,1255184
2017-10-18,180.0,181.1999969482422,177.0,178.1999969482422,175.79632568359375,606044
2017-10-19,179.0,179.0,174.0500030517578,175.60000610351562,173.23141479492188,123017
2017-10-23,175.0,180.1999969482422,174.5,179.10000610351562,176.68418884277344,521792
2017-10-24,180.0,182.1999969482422,177.8000030517578,178.5,176.09228515625,504347
2017-10-25,181.0,183.0,177.0,181.85000610351562,179.39710998535156,570752
2017-10-26,181.85000610351562,184.39999389648438,180.3000030517578,182.1999969482422,179.74237060546875,700546
2017-10-27,183.5500030517578,187.39999389648438,182.25,184.35000610351562,181.86338806152344,2070374
2017-10-30,185.0,189.35000610351562,183.85000610351562,187.75,185.21751403808594,867924
2017-10-31,188.89999389648438,202.3000030517578,186.39999389648438,201.14999389648438,198.43675231933594,1975780
2017-11-01,203.89999389648438,211.9499969482422,201.25,208.5500030517578,205.73695373535156,2829166
2017-11-02,209.5,209.60000610351562,204.8000030517578,208.0,205.19436645507812,574000
2017-11-03,209.0,216.0,209.0,213.4499969482422,210.57086181640625,1848806
2017-11-06,217.39999389648438,217.8000030517578,213.1999969482422,215.39999389648438,212.4945526123047,837465
2017-11-07,215.89999389648438,216.9499969482422,207.1999969482422,208.35000610351562,205.53965759277344,597690
2017-11-08,208.0,214.9499969482422,208.0,213.5,210.6201934814453,656893
2017-11-09,215.0,217.3000030517578,209.3000030517578,211.85000610351562,208.99244689941406,580123
2017-11-10,210.0,211.75,205.1999969482422,207.89999389648438,205.09571838378906,632017
2017-11-13,195.0,207.5500030517578,194.1999969482422,202.35000610351562,199.62059020996094,2448460
2017-11-14,203.0,207.6999969482422,201.14999389648438,205.9499969482422,203.17202758789062,921984
2017-11-15,205.35000610351562,209.35000610351562,200.4499969482422,203.5500030517578,200.8043975830078,649089
2017-11-16,204.0500030517578,210.0,201.5500030517578,208.89999389648438,206.0822296142578,868314
2017-11-17,212.0,225.9499969482422,211.1999969482422,223.89999389648438,220.87989807128906,2235211
2017-11-20,223.4499969482422,229.8000030517578,222.85000610351562,227.75,224.67796325683594,1404814
2017-11-21,227.0500030517578,228.10000610351562,220.1999969482422,222.60000610351562,219.59744262695312,821111
2017-11-22,222.0500030517578,225.0,218.60000610351562,219.89999389648438,216.93385314941406,626620
2017-11-23,220.0,224.64999389648438,218.60000610351562,222.8000030517578,219.7947540283203,786706
2017-11-24,224.0,229.9499969482422,221.60000610351562,228.6999969482422,225.6151580810547,905469
2017-11-27,229.89999389648438,234.5,226.9499969482422,233.60000610351562,230.44906616210938,1076019
2017-11-28,232.0500030517578,233.85000610351562,228.10000610351562,230.1999969482422,227.09490966796875,1073698
2017-11-29,231.5,231.75,226.6999969482422,229.3000030517578,226.20706176757812,536863
2017-11-30,228.0,234.5,227.5,233.10000610351562,229.955810546875,688046
2017-12-01,235.1999969482422,237.3000030517578,221.10000610351562,226.39999389648438,223.34617614746094,841326
2017-12-04,228.5,232.6999969482422,224.0,228.6999969482422,225.6151580810547,989000
2017-12-05,229.0,231.9499969482422,227.64999389648438,230.3000030517578,227.19357299804688,661264
2017-12-06,229.8000030517578,234.5,228.14999389648438,231.4499969482422,228.32806396484375,637761
2017-12-07,232.0500030517578,240.14999389648438,231.39999389648438,239.39999389648438,236.1708221435547,979636
2017-12-08,239.5,241.6999969482422,237.6999969482422,238.4499969482422,235.233642578125,791746
2017-12-11,239.8000030517578,242.1999969482422,237.5,239.5500030517578,236.3188018798828,513134
2017-12-12,239.5500030517578,239.5500030517578,232.60000610351562,233.89999389648438,230.74501037597656,346992
2017-12-13,234.0,236.1999969482422,226.0,227.75,224.67796325683594,648997
2017-12-14,229.0,230.5,223.0,227.64999389648438,224.57931518554688,393140
2017-12-15,230.0,233.9499969482422,230.0,231.85000610351562,228.72267150878906,264987
2017-12-18,229.89999389648438,235.89999389648438,220.89999389648438,231.8000030517578,228.67335510253906,897774
2017-12-19,232.0,234.89999389648438,230.6999969482422,234.10000610351562,230.94232177734375,629699
2017-12-20,233.89999389648438,248.89999389648438,233.10000610351562,245.14999389648438,241.84326171875,1452802
2017-12-21,245.14999389648438,247.8000030517578,242.85000610351562,243.5,240.2155303955078,595035
2017-12-22,245.0,247.39999389648438,243.6999969482422,245.14999389648438,241.84326171875,623418
2017-12-26,246.0,255.89999389648438,245.10000610351562,253.9499969482422,250.52456665039062,1582007
2017-12-27,253.89999389648438,256.1000061035156,240.39999389648438,248.1999969482422,244.8521270751953,1017888
2017-12-28,248.60000610351562,266.8500061035156,248.0,263.79998779296875,260.2416687011719,1264670
2017-12-29,265.04998779296875,266.1000061035156,257.0,259.3500061035156,255.8517303466797,1241490
2018-01-01,260.0,262.3500061035156,255.4499969482422,256.70001220703125,253.23748779296875,431511
2018-01-02,258.0,259.20001220703125,251.3000030517578,254.0,250.5738983154297,472994
2018-01-03,254.10000610351562,261.79998779296875,254.10000610351562,258.20001220703125,254.71726989746094,497152
2018-01-04,259.95001220703125,260.0,255.8000030517578,257.6499938964844,254.17466735839844,293392
2018-01-05,258.20001220703125,265.0,258.1000061035156,259.8500061035156,256.3450012207031,640074
2018-01-08,260.0,262.6499938964844,258.45001220703125,260.29998779296875,256.7889099121094,443290
2018-01-09,260.0,271.70001220703125,258.25,269.8999938964844,266.2593994140625,1303728
2018-01-10,270.5,272.20001220703125,265.75,269.20001220703125,265.56890869140625,1112695
2018-01-11,271.0,273.95001220703125,267.45001220703125,270.54998779296875,266.900634765625,694472
2018-01-12,271.8500061035156,271.8500061035156,262.5,268.20001220703125,264.5823974609375,430658
2018-01-15,268.20001220703125,271.3999938964844,265.8500061035156,267.1000061035156,263.4971923828125,303540
2018-01-16,267.1000061035156,268.20001220703125,256.0,257.29998779296875,253.82937622070312,575444
2018-01-17,256.1499938964844,264.0,249.85000610351562,262.3999938964844,258.860595703125,539549
2018-01-18,262.5,264.8999938964844,246.10000610351562,250.14999389648438,246.77581787109375,668602
2018-01-19,249.85000610351562,252.5,245.5500030517578,249.3000030517578,245.9373016357422,551276
2018-01-22,250.0,253.3000030517578,245.6999969482422,251.5500030517578,248.15695190429688,523980
2018-01-23,251.5500030517578,262.04998779296875,250.6999969482422,259.5,255.9997100830078,859321
2018-01-24,259.29998779296875,265.5,255.3000030517578,258.95001220703125,255.4571533203125,692457
2018-01-25,258.5,261.25,252.4499969482422,253.39999389648438,249.98199462890625,465141
2018-01-29,253.5,260.25,250.8000030517578,254.1999969482422,250.7711944580078,507551
2018-01-30,253.5,256.29998779296875,251.64999389648438,254.10000610351562,250.67254638671875,2548991
2018-01-31,251.25,257.5,247.6999969482422,250.1999969482422,246.8251495361328,625218
2018-02-01,251.0,265.0,237.25,244.75,241.44866943359375,1071304
2018-02-02,240.6999969482422,242.25,204.9499969482422,223.14999389648438,220.1400146484375,1354134
2018-02-05,219.0,231.35000610351562,205.14999389648438,228.0,224.92459106445312,860554
2018-02-06,216.0,230.0,210.9499969482422,224.89999389648438,221.8664093017578,999847
2018-02-07,228.8000030517578,232.0,223.14999389648438,225.1999969482422,222.162353515625,655458
2018-02-08,225.5,233.60000610351562,225.5,229.3000030517578,226.20706176757812,560173
2018-02-09,225.10000610351562,232.0,220.0,228.9499969482422,225.86178588867188,483968
2018-02-12,229.1999969482422,237.39999389648438,229.1999969482422,233.6999969482422,230.54771423339844,526505
2018-02-14,239.0,239.0,229.75,230.89999389648438,227.7854766845703,621702
2018-02-15,233.10000610351562,235.1999969482422,228.0500030517578,231.1999969482422,228.08143615722656,365716
2018-02-16,232.89999389648438,234.10000610351562,224.0500030517578,225.1999969482422,222.162353515625,476217
2018-02-19,223.0500030517578,225.35000610351562,218.4499969482422,223.5,220.4853057861328,506378
2018-02-20,222.0,227.39999389648438,221.39999389648438,224.64999389648438,221.61978149414062,373145
2018-02-21,226.89999389648438,227.10000610351562,218.5500030517578,220.89999389648438,217.9203643798828,540897
2018-02-22,218.3000030517578,222.0,218.1999969482422,220.3000030517578,217.32846069335938,343016
2018-02-23,220.0,225.64999389648438,220.0,225.0,221.96507263183594,316029
2018-02-26,226.5500030517578,230.1999969482422,225.6999969482422,228.14999389648438,225.07257080078125,357848
2018-02-27,228.0500030517578,229.0,221.14999389648438,222.35000610351562,219.35081481933594,256823
2018-02-28,221.0,227.5,219.5,226.35000610351562,223.29685974121094,434555
2018-03-01,224.3000030517578,227.89999389648438,223.1999969482422,224.1999969482422,221.1758575439453,324123
2018-03-07,215.0,217.75,212.1999969482422,215.14999389648438,212.2479248046875,515226
2018-03-08,214.25,219.75,210.0,218.4499969482422,215.50341796875,400291
2018-03-09,218.5500030517578,220.0500030517578,210.0,211.39999389648438,208.5485076904297,364334
2018-03-12,213.0,218.0,210.1999969482422,217.35000610351562,214.4182586669922,340947
2018-03-13,215.0,223.10000610351562,214.0,219.9499969482422,216.98316955566406,349360
2018-03-14,218.0,222.0500030517578,217.8000030517578,220.8000030517578,217.82171630859375,276895
2018-03-15,219.0,226.89999389648438,219.0,225.60000610351562,222.55697631835938,395324
2018-03-16,225.60000610351562,229.64999389648438,224.6999969482422,226.1999969482422,223.1488800048828,450273
2018-03-19,226.0,227.0,212.3000030517578,214.1999969482422,211.31072998046875,757123
2018-03-20,212.0,217.5,210.0,215.4499969482422,212.54388427734375,392611
2018-03-21,218.0,221.0,214.8000030517578,215.9499969482422,213.03713989257812,243845
2018-03-22,216.0,217.39999389648438,212.10000610351562,213.1999969482422,210.32423400878906,242288
2018-03-23,209.6999969482422,209.6999969482422,200.89999389648438,203.14999389648438,200.4097900390625,429696
2018-03-26,203.6999969482422,215.0,198.6999969482422,209.64999389648438,206.82211303710938,520290
2018-03-27,210.1999969482422,211.5500030517578,205.5500030517578,207.10000610351562,205.482666015625,260266
2018-03-28,205.0,207.64999389648438,201.0,201.5500030517578,199.97601318359375,296030
2018-04-02,205.0,205.10000610351562,197.60000610351562,200.89999389648438,199.33106994628906,388405
2018-04-03,200.5,205.10000610351562,199.10000610351562,203.39999389648438,201.81155395507812,527283
2018-04-04,204.89999389648438,208.14999389648438,198.0,198.5500030517578,196.9994354248047,699623
2018-04-05,203.3000030517578,207.14999389648438,202.4499969482422,206.3000030517578,204.68890380859375,412065
2018-04-06,205.0,206.35000610351562,202.10000610351562,204.39999389648438,202.80374145507812,316640
2018-04-09,203.0,207.89999389648438,203.0,206.0500030517578,204.44085693359375,373776
2018-04-10,206.5,213.4499969482422,206.14999389648438,212.75,211.08853149414062,545126
2018-04-11,213.5,215.6999969482422,211.25,213.35000610351562,211.68385314941406,605557
2018-04-12,213.0500030517578,215.10000610351562,207.0,209.0500030517578,207.4174346923828,233858
2018-04-13,211.0,212.35000610351562,206.0,209.89999389648438,208.2607879638672,226713
2018-04-16,208.0,214.8000030517578,207.10000610351562,213.9499969482422,212.27915954589844,300038
2018-04-17,215.5,217.64999389648438,211.35000610351562,216.6999969482422,215.0076904296875,580186
2018-04-18,218.0,219.0,211.1999969482422,212.14999389648438,210.4932098388672,415673
2018-04-19,214.0,216.1999969482422,212.6999969482422,214.85000610351562,213.17214965820312,209960
2018-04-20,214.0,214.4499969482422,209.0,210.85000610351562,209.20338439941406,339378
2018-04-23,209.5,214.39999389648438,209.4499969482422,211.75,210.09634399414062,309683
2018-04-24,210.14999389648438,216.6999969482422,210.14999389648438,215.1999969482422,213.51939392089844,257843
2018-04-25,215.0,224.0500030517578,213.60000610351562,218.89999389648438,217.1905059814453,950984
2018-04-26,220.3000030517578,223.10000610351562,212.8000030517578,218.14999389648438,216.4463653564453,459620
2018-04-27,217.14999389648438,226.0,217.14999389648438,222.0,220.26629638671875,336230
2018-04-30,226.0,226.0,220.9499969482422,222.85000610351562,221.1096649169922,461106
2018-05-02,222.5,223.75,213.4499969482422,215.5,213.8170623779297,309193
2018-05-03,211.0500030517578,214.6999969482422,208.3000030517578,213.64999389648438,211.98150634765625,304118
2018-05-04,214.0,216.14999389648438,209.75,211.10000610351562,209.45143127441406,371658
2018-05-07,213.8000030517578,217.1999969482422,212.25,215.6999969482422,214.0155029296875,301951
2018-05-08,217.60000610351562,224.10000610351562,214.4499969482422,222.39999389648438,220.66317749023438,642334
2018-05-09,222.39999389648438,223.6999969482422,220.0,221.1999969482422,219.47254943847656,244332
2018-05-10,223.0,223.0500030517578,211.60000610351562,212.85000610351562,211.18775939941406,338650
2018-05-11,213.5,217.39999389648438,211.5,213.64999389648438,211.98150634765625,179883
2018-05-14,212.10000610351562,214.89999389648438,205.1999969482422,206.9499969482422,205.33383178710938,336460
2018-05-15,207.0,213.5,200.5500030517578,203.3000030517578,201.71234130859375,431299
2018-05-16,203.3000030517578,208.5,202.35000610351562,205.75,204.14320373535156,462951
2018-05-17,207.0,208.10000610351562,201.89999389648438,205.64999389648438,204.04397583007812,348531
2018-05-18,206.0,207.0,195.0,197.25,195.70957946777344,354948
2018-05-21,197.25,199.1999969482422,192.25,193.89999389648438,192.3857421875,427717
2018-05-22,194.0,200.0,183.3000030517578,198.75,197.1978759765625,1817735
2018-05-23,197.14999389648438,202.75,194.8000030517578,195.8000030517578,194.27090454101562,555922
2018-05-24,197.0,198.0,192.60000610351562,195.89999389648438,194.3701171875,377570
2018-05-25,196.0500030517578,205.35000610351562,196.0500030517578,202.4499969482422,200.8689727783203,368854
2018-05-28,204.14999389648438,209.14999389648438,202.8000030517578,206.5,204.88734436035156,267510
2018-05-29,205.5,210.0,203.75,205.5,203.89515686035156,334654
2018-05-30,203.0500030517578,209.0,201.0,208.3000030517578,206.6732940673828,277776
2018-05-31,208.3000030517578,211.3000030517578,205.14999389648438,209.5500030517578,207.9135284423828,408945
2018-06-01,209.5500030517578,210.9499969482422,205.64999389648438,206.9499969482422,205.33383178710938,271381
2018-06-04,207.0,208.39999389648438,198.5,199.10000610351562,197.54513549804688,418762
2018-06-05,197.10000610351562,201.0,195.14999389648438,199.3000030517578,197.7435760498047,446357
2018-06-06,197.14999389648438,203.3000030517578,196.5,200.5500030517578,198.9838104248047,496356
2018-06-07,201.0,205.60000610351562,201.0,203.0,201.4146728515625,258415
2018-06-08,202.14999389648438,207.35000610351562,200.4499969482422,205.60000610351562,203.994384765625,388026
2018-06-11,206.0,207.4499969482422,201.5,202.4499969482422,200.8689727783203,343700
2018-06-12,202.4499969482422,206.10000610351562,200.85000610351562,205.25,203.64710998535156,289427
2018-06-13,205.89999389648438,206.5,202.89999389648438,205.0,203.39906311035156,336439
2018-06-14,203.64999389648438,208.39999389648438,203.64999389648438,205.6999969482422,204.09359741210938,253904
2018-06-15,205.35000610351562,207.14999389648438,197.60000610351562,199.75,198.1900634765625,432878
2018-06-18,200.14999389648438,201.39999389648438,197.5,199.75,198.1900634765625,212712
2018-06-19,200.1999969482422,200.5500030517578,193.25,195.64999389648438,194.1220703125,286965
2018-06-20,196.8000030517578,201.89999389648438,196.6999969482422,200.64999389648438,199.08302307128906,274432
2018-06-21,201.5,201.8000030517578,197.0,199.0,197.4459228515625,331464
2018-06-22,200.0,201.0500030517578,197.0500030517578,200.5500030517578,198.9838104248047,292282
2018-06-25,201.0,203.14999389648438,195.60000610351562,196.60000610351562,195.06466674804688,379377
2018-06-26,195.0,199.10000610351562,194.8000030517578,195.8000030517578,194.27090454101562,200597
2018-06-27,195.89999389648438,197.1999969482422,189.9499969482422,192.25,190.74862670898438,332558
2018-06-28,190.5,190.5,183.0,185.1999969482422,183.75367736816406,306965
2018-06-29,184.0,190.8000030517578,184.0,188.64999389648438,187.17674255371094,488412
2018-07-02,187.0,189.9499969482422,179.39999389648438,184.35000610351562,182.91033935546875,478987
2018-07-03,184.5,187.60000610351562,182.39999389648438,186.14999389648438,184.69625854492188,320443
2018-07-04,186.0,187.0,183.64999389648438,185.64999389648438,184.20016479492188,353521
2018-07-05,186.39999389648438,186.39999389648438,180.64999389648438,181.25,179.83453369140625,309970
2018-07-06,181.3000030517578,189.6999969482422,181.10000610351562,186.75,185.2915802001953,346560
2018-07-09,187.0,189.1999969482422,185.39999389648438,187.5,186.0357208251953,197459
2018-07-10,190.0,196.10000610351562,189.5,194.39999389648438,192.8818359375,392306
2018-07-11,194.39999389648438,194.75,190.4499969482422,192.0,190.50057983398438,324624
2018-07-12,192.89999389648438,194.5,187.35000610351562,189.5500030517578,188.06971740722656,277842
2018-07-13,189.5500030517578,190.25,184.6999969482422,187.85000610351562,186.38299560546875,341364
2018-07-16,187.89999389648438,188.60000610351562,177.14999389648438,178.14999389648438,176.7587432861328,383401
2018-07-17,177.0,181.8000030517578,176.39999389648438,179.60000610351562,178.1974334716797,485185
2018-07-18,181.14999389648438,181.5500030517578,170.10000610351562,170.75,169.41653442382812,394181
2018-07-19,172.0,175.39999389648438,168.1999969482422,170.10000610351562,168.77162170410156,628291
2018-07-20,170.10000610351562,172.35000610351562,168.0,170.75,169.41653442382812,286209
2018-07-23,170.5,178.35000610351562,170.5,177.1999969482422,175.816162109375,430632
2018-07-24,179.0,190.14999389648438,177.8000030517578,188.5,187.02792358398438,607031
2018-07-25,189.8000030517578,189.8000030517578,182.39999389648438,183.6999969482422,182.26539611816406,572933
2018-07-26,184.0,191.39999389648438,182.0,189.85000610351562,188.3673858642578,450035
2018-07-27,191.0,194.39999389648438,188.5,190.0500030517578,188.56581115722656,305062
2018-07-30,191.0,191.1999969482422,186.3000030517578,188.6999969482422,187.22634887695312,161673
2018-07-31,188.6999969482422,198.39999389648438,188.6999969482422,196.14999389648438,194.6181640625,754529
2018-08-01,197.89999389648438,197.89999389648438,189.5500030517578,193.0500030517578,191.54238891601562,444377
2018-08-02,191.89999389648438,191.89999389648438,186.64999389648438,188.0500030517578,186.58143615722656,262397
2018-08-03,188.0500030517578,193.5,187.64999389648438,188.89999389648438,187.42478942871094,443202
2018-08-06,189.14999389648438,194.0,188.0,189.25,187.77206420898438,317998
2018-08-07,190.1999969482422,190.8000030517578,184.1999969482422,186.75,185.2915802001953,262942
2018-08-08,187.6999969482422,191.39999389648438,185.9499969482422,189.0,187.52401733398438,291297
2018-08-09,190.89999389648438,203.1999969482422,189.0,200.64999389648438,199.08302307128906,790373
2018-08-10,202.0,203.35000610351562,194.8000030517578,196.60000610351562,195.06466674804688,613205
2018-08-13,196.4499969482422,197.8000030517578,191.4499969482422,194.5,192.98106384277344,457243
2018-08-14,195.0,204.60000610351562,194.5500030517578,202.89999389648438,201.31546020507812,673851
2018-08-16,201.75,208.8000030517578,198.64999389648438,206.85000610351562,205.234619140625,736452
2018-08-17,209.0,211.6999969482422,207.0,210.10000610351562,208.45924377441406,503608
2018-08-20,213.0,216.5,212.5,214.8000030517578,213.12252807617188,651443
2018-08-21,213.0,215.4499969482422,207.4499969482422,208.5500030517578,206.9213409423828,489265
2018-08-23,209.0,214.1999969482422,206.14999389648438,211.75,210.09634399414062,575799
2018-08-24,212.5,215.6999969482422,210.3000030517578,212.6999969482422,211.03892517089844,369646
2018-08-27,213.3000030517578,218.10000610351562,212.0,213.4499969482422,211.78306579589844,446655
2018-08-28,214.14999389648438,216.25,210.75,213.3000030517578,211.63424682617188,442719
2018-08-29,213.1999969482422,221.25,212.35000610351562,217.5,215.8014373779297,683535
2018-08-30,218.5,223.39999389648438,215.0,221.3000030517578,219.57176208496094,743126
2018-08-31,220.10000610351562,222.25,217.39999389648438,220.4499969482422,218.72840881347656,527807
2018-09-03,212.5,216.64999389648438,210.25,212.4499969482422,210.79087829589844,692243
2018-09-04,210.0,212.64999389648438,198.8000030517578,201.8000030517578,200.22406005859375,699311
2018-09-05,201.5,203.85000610351562,196.39999389648438,202.4499969482422,200.8689727783203,654361
2018-09-06,204.0500030517578,206.89999389648438,201.4499969482422,204.4499969482422,202.8533477783203,363915
2018-09-07,206.0,209.64999389648438,201.85000610351562,208.4499969482422,206.82211303710938,651660
2018-09-10,206.0500030517578,209.5500030517578,203.10000610351562,204.75,203.15101623535156,300920
2018-09-11,206.5500030517578,206.89999389648438,197.60000610351562,198.9499969482422,197.39630126953125,321419
2018-09-12,199.39999389648438,203.4499969482422,193.6999969482422,202.4499969482422,200.8689727783203,529953
2018-09-14,202.5,210.39999389648438,202.5,209.1999969482422,207.56625366210938,544124
2018-09-17,208.1999969482422,213.8000030517578,206.1999969482422,213.0,211.33657836914062,625773
2018-09-18,212.0,214.0500030517578,201.85000610351562,202.85000610351562,201.26585388183594,505876
2018-09-19,201.5,205.64999389648438,198.60000610351562,201.3000030517578,199.72796630859375,413629
2018-09-21,201.8000030517578,205.14999389648438,184.9499969482422,198.75,197.1978759765625,735297
2018-09-24,201.0,201.0,182.39999389648438,184.8000030517578,183.3568115234375,781722
2018-09-25,185.0,187.25,166.10000610351562,177.64999389648438,176.2626495361328,1412732
2018-09-26,179.8000030517578,184.4499969482422,176.4499969482422,182.3000030517578,180.8763427734375,657068
2018-09-27,182.1999969482422,182.1999969482422,171.14999389648438,172.64999389648438,171.30169677734375,603854
2018-09-28,172.64999389648438,174.5,159.89999389648438,162.5500030517578,161.28057861328125,826402
2018-10-01,160.0,162.64999389648438,148.10000610351562,158.6999969482422,157.46063232421875,1560116
2018-10-03,159.8000030517578,161.5500030517578,151.6999969482422,155.1999969482422,153.98797607421875,1123435
2018-10-04,150.39999389648438,160.64999389648438,147.8000030517578,158.10000610351562,156.86532592773438,1217525
2018-10-05,155.89999389648438,163.8000030517578,145.39999389648438,149.0500030517578,147.88600158691406,1013720
2018-10-08,148.0,156.5,146.1999969482422,152.3000030517578,151.11062622070312,1308650
2018-10-09,154.0,155.60000610351562,152.0500030517578,153.25,152.05320739746094,417717
2018-10-10,155.10000610351562,164.9499969482422,153.64999389648438,163.4499969482422,162.1735382080078,717032
2018-10-11,152.0,160.5,152.0,153.5,152.30125427246094,775827
2018-10-12,155.25,160.9499969482422,155.25,157.75,156.51805114746094,431786
2018-10-15,158.10000610351562,159.10000610351562,154.4499969482422,156.85000610351562,155.62509155273438,334633
2018-10-16,159.0,161.35000610351562,157.1999969482422,158.1999969482422,156.96453857421875,381469
2018-10-17,160.5,162.1999969482422,143.0500030517578,144.4499969482422,143.32191467285156,1184128
2018-10-19,142.6999969482422,154.35000610351562,141.1999969482422,152.8000030517578,151.60671997070312,1441122
2018-10-22,152.0500030517578,155.6999969482422,149.60000610351562,152.85000610351562,151.6563262939453,625791
2018-10-23,151.5,154.89999389648438,149.64999389648438,153.0500030517578,151.85476684570312,488542
2018-10-24,155.89999389648438,158.8000030517578,152.75,156.64999389648438,155.4266357421875,447093
2018-10-25,152.10000610351562,157.10000610351562,151.0500030517578,155.35000610351562,154.13681030273438,390434
2018-10-26,156.75,156.75,150.35000610351562,153.6999969482422,152.4996795654297,452903
2018-10-29,155.0,166.4499969482422,152.64999389648438,164.39999389648438,163.11611938476562,614964
2018-10-30,164.9499969482422,166.5,160.0,161.89999389648438,160.63563537597656,479393
2018-10-31,163.0,165.5,157.9499969482422,164.85000610351562,163.5626220703125,452307
2018-11-01,166.0,173.3000030517578,164.25,171.89999389648438,170.5575408935547,623147
2018-11-02,178.5,180.0,168.35000610351562,169.8000030517578,168.4739532470703,1006506
2018-11-05,169.0500030517578,175.5,168.60000610351562,173.10000610351562,171.74818420410156,503848
2018-11-06,174.5,174.64999389648438,171.14999389648438,172.64999389648438,171.30169677734375,201204
2018-11-07,174.89999389648438,174.89999389648438,172.4499969482422,173.14999389648438,171.79779052734375,33032
2018-11-09,171.0,175.1999969482422,171.0,174.3000030517578,172.93881225585938,256995
2018-11-12,176.1999969482422,176.6999969482422,170.8000030517578,171.5,170.16067504882812,209223
2018-11-13,170.0,173.0,167.85000610351562,171.89999389648438,170.5575408935547,305908
2018-11-14,173.0500030517578,173.4499969482422,162.0,162.89999389648438,161.62783813476562,365878
2018-11-15,163.0,171.1999969482422,162.35000610351562,169.64999389648438,168.3251190185547,380976
2018-11-16,171.75,171.75,164.89999389648438,169.4499969482422,168.12667846679688,325569
2018-11-19,169.5500030517578,175.89999389648438,168.35000610351562,172.64999389648438,171.30169677734375,261721
2018-11-20,170.10000610351562,175.4499969482422,169.60000610351562,174.85000610351562,173.48452758789062,473028
2018-11-21,174.35000610351562,183.1999969482422,173.89999389648438,182.35000610351562,180.9259490966797,690740
2018-11-22,183.25,183.25,176.0,177.14999389648438,175.76654052734375,334401
2018-11-26,177.5,179.0,171.89999389648438,177.5,176.1138153076172,301173
2018-11-27,178.0,183.1999969482422,176.3000030517578,178.10000610351562,176.70913696289062,812009
2018-11-28,178.10000610351562,179.0,172.64999389648438,176.0500030517578,174.67514038085938,975489
2018-11-29,177.1999969482422,180.8000030517578,174.3000030517578,179.5500030517578,178.14781188964844,633506
2018-11-30,180.0,180.0,175.9499969482422,177.9499969482422,176.560302734375,361325
2018-12-03,178.0500030517578,182.0,176.35000610351562,180.6999969482422,179.28883361816406,676831
2018-12-04,179.0,180.39999389648438,172.14999389648438,173.6999969482422,172.34349060058594,630241
2018-12-05,173.0,177.8000030517578,171.89999389648438,176.5500030517578,175.17124938964844,1022427
2018-12-06,175.5,175.5,165.75,167.5500030517578,166.2415313720703,565402
2018-12-07,169.0,173.1999969482422,165.1999969482422,172.5500030517578,171.20248413085938,555522
2018-12-10,165.0,169.6999969482422,164.39999389648438,166.75,165.44776916503906,276688
2018-12-11,166.75,172.9499969482422,163.5,171.8000030517578,170.45834350585938,347183
2018-12-12,172.64999389648438,181.25,171.0500030517578,179.3000030517578,177.89976501464844,790129
2018-12-13,177.6999969482422,182.6999969482422,174.6999969482422,178.6999969482422,177.304443359375,756037
2018-12-14,179.0,180.5,176.64999389648438,178.64999389648438,177.2548370361328,254565
2018-12-17,178.0,180.10000610351562,175.0,178.1999969482422,176.808349609375,291445
2018-12-18,177.8000030517578,180.8000030517578,176.5,178.0500030517578,176.65953063964844,259427
2018-12-19,178.75,193.0,178.75,191.25,189.75643920898438,1113747
2018-12-20,191.85000610351562,193.85000610351562,186.8000030517578,189.89999389648438,188.41697692871094,643617
2018-12-21,190.5500030517578,191.89999389648438,185.39999389648438,186.89999389648438,185.44039916992188,520048
2018-12-24,185.0,186.10000610351562,177.5500030517578,178.5500030517578,177.15562438964844,439652
2018-12-26,178.5500030517578,179.35000610351562,172.1999969482422,177.5,176.1138153076172,594509
2018-12-27,178.9499969482422,181.1999969482422,175.14999389648438,176.0500030517578,174.67514038085938,484403
2018-12-28,176.5,180.64999389648438,176.5,177.75,176.3618621826172,262306
2018-12-31,178.0,179.75,176.39999389648438,177.5,176.1138153076172,402647
2019-01-01,177.9499969482422,182.14999389648438,177.14999389648438,180.5500030517578,179.13999938964844,365797
2019-01-02,181.0,181.0,172.3000030517578,172.89999389648438,171.54974365234375,560387
2019-01-03,173.0,175.14999389648438,171.3000030517578,172.60000610351562,171.25209045410156,465134
2019-01-04,173.5500030517578,176.35000610351562,170.9499969482422,175.14999389648438,173.78216552734375,460815
2019-01-07,176.0,183.89999389648438,176.0,179.5500030517578,178.14781188964844,772650
2019-01-08,180.39999389648438,182.75,178.75,181.5,180.08258056640625,343340
2019-01-09,182.10000610351562,184.6999969482422,178.10000610351562,182.0,180.57867431640625,331904
2019-01-10,182.10000610351562,187.0500030517578,181.4499969482422,183.35000610351562,181.9181365966797,647545
2019-01-11,184.6999969482422,184.6999969482422,179.0,182.0500030517578,180.6282958984375,282210
2019-01-14,182.10000610351562,182.6999969482422,178.3000030517578,181.60000610351562,180.1818084716797,235008
2019-01-15,181.0500030517578,187.0,181.0500030517578,185.75,184.2993927001953,207243
2019-01-16,186.9499969482422,187.6999969482422,182.60000610351562,182.9499969482422,181.52125549316406,245591
2019-01-17,184.39999389648438,185.8000030517578,181.60000610351562,184.10000610351562,182.6622772216797,236332
2019-01-18,184.89999389648438,184.89999389648438,178.0,180.3000030517578,178.89195251464844,372229
2019-01-21,180.3000030517578,182.14999389648438,176.0,177.25,175.8657684326172,172694
2019-01-22,176.0,180.3000030517578,174.8000030517578,179.4499969482422,178.048583984375,364134
2019-01-23,180.0,180.85000610351562,176.1999969482422,177.1999969482422,175.816162109375,437089
2019-01-24,177.89999389648438,183.5,174.0,177.4499969482422,176.064208984375,243007
2019-01-25,179.60000610351562,180.10000610351562,144.6999969482422,157.0500030517578,155.8235321044922,1993898
2019-01-28,159.0,167.5,158.5,163.5500030517578,162.27276611328125,900109
2019-01-29,163.5500030517578,168.0,161.89999389648438,164.9499969482422,163.6618194580078,364335
2019-01-30,166.9499969482422,166.9499969482422,160.1999969482422,164.35000610351562,163.0665283203125,546145
2019-01-31,160.10000610351562,167.5,158.5500030517578,164.64999389648438,163.36416625976562,337473
2019-02-01,165.9499969482422,180.6999969482422,162.75,165.75,164.45558166503906,1491532
2019-02-04,166.8000030517578,166.8000030517578,158.39999389648438,163.25,161.97511291503906,428308
2019-02-05,163.0,165.1999969482422,154.8000030517578,159.85000610351562,158.60166931152344,495987
2019-02-06,159.5,162.0500030517578,152.10000610351562,160.0500030517578,158.8000946044922,608680
2019-02-07,162.0,163.5,157.10000610351562,160.0500030517578,158.8000946044922,682728
2019-02-08,158.0,168.89999389648438,157.8000030517578,164.60000610351562,163.3145751953125,744966
2019-02-11,167.0,167.0,161.0500030517578,163.6999969482422,162.4215850830078,311048
2019-02-12,166.8000030517578,166.8000030517578,157.9499969482422,159.25,158.00634765625,465069
2019-02-14,157.5,164.10000610351562,156.6999969482422,162.25,160.98291015625,327942
2019-02-15,163.0,163.0,154.60000610351562,158.0500030517578,156.8157196044922,289638
2019-02-18,156.1999969482422,160.3000030517578,155.1999969482422,156.0500030517578,154.83132934570312,228293
2019-02-19,157.8000030517578,166.75,157.8000030517578,163.5500030517578,162.27276611328125,898413
2019-02-20,165.0,167.0,158.9499969482422,163.10000610351562,161.82627868652344,627057
2019-02-21,164.0,166.8000030517578,162.0,165.6999969482422,164.40597534179688,368756
2019-02-22,164.0,170.5,164.0,169.3000030517578,167.9778594970703,282221
2019-02-25,174.0,174.0,167.3000030517578,168.14999389648438,166.8368377685547,937978
2019-02-26,165.5,167.8000030517578,162.1999969482422,166.10000610351562,164.8028564453125,380646
2019-02-27,168.0,169.10000610351562,163.0,164.5,163.21534729003906,327226
2019-02-28,163.0,166.10000610351562,161.8000030517578,164.60000610351562,163.3145751953125,267749
2019-03-01,166.10000610351562,169.1999969482422,165.25,167.1999969482422,165.89425659179688,271106
2019-03-05,167.25,176.5500030517578,167.25,175.25,173.8813934326172,390222
2019-03-06,176.0,180.5500030517578,174.35000610351562,177.14999389648438,175.76654052734375,488766
2019-03-07,177.3000030517578,179.0,173.6999969482422,175.75,174.3774871826172,278602
2019-03-08,176.0,176.75,173.85000610351562,175.60000610351562,174.22866821289062,201956
2019-03-11,175.0500030517578,178.3000030517578,175.0500030517578,176.60000610351562,175.22085571289062,212928
2019-03-12,179.0,187.9499969482422,177.5,187.14999389648438,185.68844604492188,1129319
2019-03-13,189.0,194.89999389648438,189.0,192.35000610351562,190.8478546142578,1094966
2019-03-14,192.9499969482422,203.0,189.89999389648438,201.35000610351562,199.77757263183594,1267369
2019-03-15,202.0,203.5,195.89999389648438,197.5500030517578,196.0072479248047,497099
2019-03-18,197.89999389648438,201.0,195.35000610351562,197.89999389648438,196.35450744628906,448090
2019-03-19,199.39999389648438,199.39999389648438,192.8000030517578,194.25,192.73301696777344,426936
2019-03-20,197.8000030517578,200.89999389648438,195.64999389648438,199.3000030517578,197.7435760498047,585399
2019-03-22,199.8000030517578,202.60000610351562,195.5500030517578,196.25,194.71739196777344,594860
2019-03-25,195.0,195.0,188.14999389648438,189.39999389648438,187.92088317871094,347054
2019-03-26,191.35000610351562,205.0,189.0,196.60000610351562,195.06466674804688,2265236
2019-03-27,197.0500030517578,199.10000610351562,189.25,190.5,189.01229858398438,664690
2019-03-28,191.0,197.6999969482422,191.0,193.9499969482422,192.4353485107422,551547
2019-04-01,202.14999389648438,204.5,194.25,195.39999389648438,193.8740234375,982011
2019-04-02,196.5,200.8000030517578,194.1999969482422,199.4499969482422,197.89239501953125,1080927
2019-04-03,200.0500030517578,209.39999389648438,199.64999389648438,201.89999389648438,200.32325744628906,1762616
2019-04-04,203.85000610351562,204.6999969482422,198.25,200.89999389648438,199.33106994628906,665229
2019-04-05,201.0,204.60000610351562,199.39999389648438,201.5,199.9263916015625,608718
2019-04-08,201.8000030517578,202.6999969482422,183.60000610351562,184.64999389648438,183.20797729492188,3540200
2019-04-09,186.0,188.89999389648438,183.5,187.5500030517578,186.08534240722656,2328376
2019-04-10,187.8000030517578,191.1999969482422,179.5500030517578,180.60000610351562,179.1896209716797,1802296
2019-04-11,180.60000610351562,182.25,175.5,177.60000610351562,176.21304321289062,2060272
2019-04-12,177.89999389648438,183.60000610351562,177.60000610351562,181.8000030517578,180.3802490234375,1434838
2019-04-15,182.9499969482422,185.0,181.6999969482422,184.64999389648438,183.20797729492188,603764
2019-04-16,186.0,187.8000030517578,182.10000610351562,183.25,181.8189239501953,884550
2019-04-18,184.0,185.6999969482422,179.35000610351562,183.14999389648438,181.71969604492188,853129
2019-04-22,181.89999389648438,181.89999389648438,172.25,172.9499969482422,171.59934997558594,933470
2019-04-23,173.39999389648438,176.4499969482422,170.64999389648438,171.85000610351562,170.50794982910156,755734
2019-04-24,172.0,177.0,171.1999969482422,176.1999969482422,174.823974609375,637271
2019-04-25,175.5,178.60000610351562,173.0,173.89999389648438,172.54193115234375,919388
2019-04-26,176.0,177.25,173.0,174.25,172.8892059326172,535147
2019-04-30,174.39999389648438,174.39999389648438,167.14999389648438,172.85000610351562,171.50013732910156,779803
2019-05-02,171.6999969482422,175.5500030517578,169.85000610351562,171.9499969482422,170.60716247558594,488304
2019-05-03,172.0500030517578,178.9499969482422,172.0,177.89999389648438,176.5106964111328,490041
2019-05-06,174.4499969482422,177.3000030517578,172.75,173.75,172.3931121826172,290101
2019-05-07,175.75,176.39999389648438,168.5,169.6999969482422,168.37472534179688,439302
2019-05-08,169.6999969482422,170.14999389648438,165.8000030517578,169.0,167.68020629882812,369458
2019-05-09,168.10000610351562,170.75,166.5500030517578,168.0,166.68800354003906,372276
2019-05-10,169.89999389648438,172.5,166.0500030517578,166.75,165.44776916503906,456166
2019-05-13,165.0,167.4499969482422,162.9499969482422,164.4499969482422,163.1657257080078,368748
2019-05-14,164.4499969482422,167.6999969482422,160.8000030517578,166.4499969482422,165.15011596679688,497433
2019-05-15,166.4499969482422,167.0,160.75,161.60000610351562,160.33799743652344,330443
2019-05-16,161.14999389648438,164.0,158.25,163.0500030517578,161.77667236328125,451588
2019-05-17,163.60000610351562,167.0,161.8000030517578,164.1999969482422,162.9176788330078,371728
2019-05-20,169.0,174.5,168.3000030517578,173.6999969482422,172.34349060058594,569978
2019-05-21,175.0,176.39999389648438,169.64999389648438,171.1999969482422,169.86302185058594,781421
2019-05-22,177.1999969482422,181.1999969482422,172.14999389648438,173.85000610351562,172.49232482910156,1551450
2019-05-23,178.0,184.6999969482422,174.10000610351562,180.60000610351562,179.1896209716797,1744030
2019-05-24,182.39999389648438,193.0,181.0,191.5,190.00448608398438,1882090
2019-05-27,192.0,200.1999969482422,190.10000610351562,196.5500030517578,195.0150604248047,1334392
2019-05-28,197.0,197.10000610351562,191.6999969482422,195.3000030517578,193.77481079101562,507588
2019-05-29,196.3000030517578,197.1999969482422,191.85000610351562,193.64999389648438,192.1376953125,486297
2019-05-30,195.6999969482422,196.5,190.75,194.64999389648438,193.1298828125,547889
2019-05-31,196.25,196.25,184.85000610351562,191.14999389648438,189.65721130371094,888441
2019-06-03,190.6999969482422,197.0,188.8000030517578,196.25,194.71739196777344,651050
2019-06-04,195.5,202.5500030517578,194.10000610351562,195.3000030517578,193.77481079101562,1175029
2019-06-06,196.0,197.0,187.35000610351562,190.35000610351562,188.8634796142578,698226
2019-06-07,189.9499969482422,194.14999389648438,186.64999389648438,190.10000610351562,188.6154327392578,611839
2019-06-10,190.9499969482422,192.89999389648438,185.64999389648438,189.14999389648438,187.67283630371094,358344
2019-06-11,189.9499969482422,192.8000030517578,185.6999969482422,191.5,190.00448608398438,338922
2019-06-12,191.8000030517578,191.8000030517578,183.75,184.64999389648438,183.20797729492188,496323
2019-06-13,184.0,186.5500030517578,181.60000610351562,184.9499969482422,183.50563049316406,417638
2019-06-14,184.0,184.3000030517578,175.5500030517578,177.6999969482422,176.312255859375,652967
2019-06-17,176.60000610351562,177.5500030517578,170.4499969482422,172.89999389648438,171.54974365234375,390289
2019-06-18,173.0,175.4499969482422,170.0,173.25,171.8970184326172,495510
2019-06-19,174.85000610351562,179.5500030517578,171.9499969482422,176.5,175.1216278076172,609926
2019-06-20,177.0,183.0500030517578,173.35000610351562,181.4499969482422,180.03297424316406,531072
2019-06-21,180.5,181.85000610351562,176.6999969482422,177.6999969482422,176.312255859375,358578
2019-06-24,177.14999389648438,179.35000610351562,174.0500030517578,175.5500030517578,174.17904663085938,601669
2019-06-25,175.5500030517578,177.3000030517578,174.14999389648438,176.25,174.8735809326172,307195
2019-06-26,176.0,185.60000610351562,175.5,184.6999969482422,183.25758361816406,491262
2019-06-27,184.0,187.0,182.9499969482422,185.5,184.0513458251953,444505
2019-06-28,185.5500030517578,191.3000030517578,185.0,188.60000610351562,187.12713623046875,556555
2019-07-01,192.9499969482422,192.9499969482422,187.64999389648438,190.75,189.26034545898438,342091
2019-07-02,192.0,193.35000610351562,189.60000610351562,192.3000030517578,190.79824829101562,347423
2019-07-03,193.0,194.75,191.10000610351562,193.5500030517578,192.03848266601562,282338
2019-07-04,194.0,196.89999389648438,192.5500030517578,194.5,192.98106384277344,433209
2019-07-05,195.5500030517578,196.64999389648438,185.39999389648438,187.3000030517578,185.83729553222656,1016680
2019-07-08,186.35000610351562,187.0500030517578,177.5500030517578,182.5,181.07476806640625,458020
2019-07-09,182.39999389648438,185.1999969482422,180.39999389648438,183.64999389648438,182.21578979492188,285919
2019-07-10,183.39999389648438,183.89999389648438,175.35000610351562,177.6999969482422,176.312255859375,384505
2019-07-11,178.5,187.64999389648438,178.5,185.9499969482422,184.49783325195312,641729
2019-07-12,184.0500030517578,188.10000610351562,183.3000030517578,186.25,184.7954864501953,286021
2019-07-15,188.10000610351562,188.10000610351562,184.6999969482422,185.9499969482422,184.49783325195312,287826
2019-07-16,185.8000030517578,193.4499969482422,184.60000610351562,191.60000610351562,190.1037139892578,423384
2019-07-17,191.9499969482422,192.64999389648438,188.75,190.6999969482422,189.2107391357422,224354
2019-07-18,190.0,191.39999389648438,182.60000610351562,183.1999969482422,181.76930236816406,351806
2019-07-19,184.1999969482422,186.0500030517578,177.3000030517578,179.9499969482422,178.544677734375,432507
2019-07-22,178.6999969482422,182.10000610351562,176.25,179.6999969482422,178.296630859375,308049
2019-07-23,181.0,182.89999389648438,179.39999389648438,180.25,178.84234619140625,344437
2019-07-24,181.0,181.0,172.0,177.35000610351562,175.96499633789062,502018
2019-07-25,179.0,179.8000030517578,175.0,176.14999389648438,174.77435302734375,414456
2019-07-26,176.9499969482422,181.3000030517578,176.0,180.4499969482422,179.04078674316406,345701
2019-07-29,179.75,182.14999389648438,176.25,179.4499969482422,178.048583984375,331141
2019-07-30,176.0,182.3000030517578,175.14999389648438,177.89999389648438,176.5106964111328,1045422
2019-07-31,177.0,179.10000610351562,169.85000610351562,178.14999389648438,176.7587432861328,909582
2019-08-01,175.0,177.5500030517578,170.39999389648438,172.39999389648438,171.05364990234375,572292
2019-08-02,172.0500030517578,172.5500030517578,162.6999969482422,171.64999389648438,170.3094940185547,866554
2019-08-05,167.5,170.39999389648438,163.3000030517578,164.89999389648438,163.61221313476562,587109
2019-08-06,165.25,169.85000610351562,163.0,168.4499969482422,167.13449096679688,560516
2019-08-07,168.0,172.89999389648438,165.4499969482422,165.9499969482422,164.65402221679688,538527
2019-08-08,167.10000610351562,172.64999389648438,166.10000610351562,171.5500030517578,170.21029663085938,444265
2019-08-09,172.85000610351562,177.10000610351562,172.6999969482422,175.60000610351562,174.22866821289062,392639
2019-08-13,175.60000610351562,178.89999389648438,172.10000610351562,173.60000610351562,172.24427795410156,261723
2019-08-14,175.0,176.0,170.8000030517578,174.8000030517578,173.43490600585938,353378
2019-08-16,178.9499969482422,179.60000610351562,172.6999969482422,177.6999969482422,176.312255859375,364935
2019-08-19,178.5,181.25,176.89999389648438,178.9499969482422,177.552490234375,313582
2019-08-20,178.0500030517578,178.4499969482422,173.4499969482422,177.25,175.8657684326172,383911
2019-08-21,177.4499969482422,177.5,170.60000610351562,171.60000610351562,170.25990295410156,297330
2019-08-22,168.60000610351562,168.60000610351562,137.75,144.3000030517578,143.173095703125,6061784
2019-08-23,141.5,154.4499969482422,136.6999969482422,152.0500030517578,150.86257934570312,2973772
2019-08-26,157.5,160.9499969482422,147.25,159.6999969482422,158.45281982421875,1895892
2019-08-27,157.6999969482422,163.0,156.5500030517578,160.8000030517578,159.5442352294922,2024181
2019-08-28,160.8000030517578,165.64999389648438,158.6999969482422,164.1999969482422,162.9176788330078,1275760
2019-08-29,162.25,166.9499969482422,161.0500030517578,164.85000610351562,163.5626220703125,1074424
2019-08-30,165.0,169.3000030517578,161.39999389648438,168.0500030517578,166.7376251220703,640566
2019-09-03,167.0,168.39999389648438,162.89999389648438,163.5500030517578,162.27276611328125,555765
2019-09-04,163.0,166.1999969482422,157.5500030517578,164.0,162.71925354003906,824921
2019-09-05,162.9499969482422,164.1999969482422,156.9499969482422,159.3000030517578,158.0559539794922,612327
2019-09-06,159.3000030517578,159.3000030517578,148.1999969482422,154.1999969482422,152.9957733154297,2256622
2019-09-09,154.89999389648438,156.75,152.60000610351562,154.1999969482422,152.9957733154297,906641
2019-09-11,156.4499969482422,164.14999389648438,153.3000030517578,160.39999389648438,159.14735412597656,1142817
2019-09-12,161.6999969482422,164.10000610351562,158.60000610351562,159.64999389648438,158.40321350097656,833870
2019-09-13,159.8000030517578,167.9499969482422,156.0500030517578,166.1999969482422,164.90206909179688,1095916
2019-09-16,164.5,165.39999389648438,160.10000610351562,161.64999389648438,160.38758850097656,790688
2019-09-17,162.64999389648438,163.64999389648438,154.35000610351562,155.6999969482422,154.48406982421875,717203
2019-09-18,155.0,159.35000610351562,153.60000610351562,157.14999389648438,155.92274475097656,707747
2019-09-19,157.0,157.39999389648438,153.35000610351562,155.35000610351562,154.13681030273438,483129
2019-09-20,156.4499969482422,173.5,153.0,168.25,166.93606567382812,2057809
2019-09-23,172.89999389648438,173.85000610351562,165.39999389648438,167.5,166.19190979003906,1244082
2019-09-24,167.5,171.1999969482422,165.3000030517578,167.25,165.94386291503906,628088
2019-09-25,166.64999389648438,167.3000030517578,152.60000610351562,155.8000030517578,154.58328247070312,1058443
2019-09-26,156.0,163.8000030517578,155.14999389648438,161.8000030517578,160.53643798828125,830271
2019-09-27,161.0500030517578,161.9499969482422,156.9499969482422,158.39999389648438,157.16297912597656,600617
2019-09-30,158.1999969482422,158.89999389648438,151.4499969482422,155.6999969482422,154.48406982421875,864272
2019-10-01,159.6999969482422,159.6999969482422,133.89999389648438,144.25,143.1234893798828,1418497
2019-10-03,145.0,151.89999389648438,144.4499969482422,149.9499969482422,148.77896118164062,750192
2019-10-04,151.0,153.14999389648438,145.6999969482422,147.5,146.3480987548828,622108
2019-10-07,147.39999389648438,148.5,143.0,143.8000030517578,142.677001953125,427958
2019-10-09,143.5,149.60000610351562,138.5,147.5,146.3480987548828,944626
2019-10-10,146.0,146.5,139.5,142.39999389648438,141.28793334960938,814827
2019-10-11,141.75,146.8000030517578,140.89999389648438,145.5500030517578,144.413330078125,542713
2019-10-14,151.6999969482422,157.85000610351562,149.0500030517578,154.8000030517578,153.59109497070312,809377
2019-10-15,154.75,159.35000610351562,152.0,156.10000610351562,154.88095092773438,543175
2019-10-16,156.5,160.9499969482422,155.5500030517578,159.64999389648438,158.40321350097656,502960
2019-10-17,156.25,164.60000610351562,156.25,163.6999969482422,162.4215850830078,446975
2019-10-18,163.5,169.5,162.85000610351562,168.8000030517578,167.4817657470703,984409
2019-10-22,169.0,182.89999389648438,169.0,178.1999969482422,176.808349609375,1330557
2019-10-23,178.1999969482422,178.60000610351562,173.9499969482422,174.85000610351562,173.48452758789062,414809
2019-10-24,175.25,180.4499969482422,174.75,176.5,175.1216278076172,607409
2019-10-25,176.5,182.14999389648438,174.6999969482422,180.9499969482422,179.53688049316406,818548
2019-10-27,181.5,182.3000030517578,179.0,179.5,178.09820556640625,85675
2019-10-29,180.0,184.0,178.89999389648438,181.0500030517578,179.63609313964844,718014
2019-10-30,181.39999389648438,183.10000610351562,179.25,181.5,180.08258056640625,385335
2019-10-31,185.8000030517578,190.5500030517578,182.0500030517578,183.5,182.0669708251953,819530
2019-11-01,184.0,186.75,182.64999389648438,185.10000610351562,183.65447998046875,329465
2019-11-04,185.0,188.39999389648438,182.3000030517578,184.25,182.8111114501953,412981
2019-11-05,183.25,187.25,182.1999969482422,184.10000610351562,182.6622772216797,375675
2019-11-06,187.1999969482422,194.14999389648438,186.0,191.60000610351562,190.1037139892578,1069604
2019-11-07,197.3000030517578,197.85000610351562,188.4499969482422,192.4499969482422,190.9470672607422,1748470
2019-11-08,196.0,209.6999969482422,195.5,203.1999969482422,201.6131134033203,2520539
2019-11-11,200.89999389648438,208.60000610351562,199.4499969482422,207.64999389648438,206.0283660888672,814930
2019-11-13,208.0500030517578,214.3000030517578,201.10000610351562,202.0500030517578,200.47210693359375,1938591
2019-11-14,202.89999389648438,209.8000030517578,202.5500030517578,208.85000610351562,207.218994140625,738049
2019-11-15,209.1999969482422,215.5,208.3000030517578,211.75,210.09634399414062,670794
2019-11-18,213.5,218.35000610351562,211.1999969482422,216.0500030517578,214.36276245117188,603095
2019-11-19,216.5,217.75,212.14999389648438,215.1999969482422,213.51939392089844,539794
2019-11-20,214.89999389648438,218.5500030517578,211.25,212.39999389648438,210.74127197265625,815969
2019-11-21,214.25,218.85000610351562,209.0,216.8000030517578,215.10691833496094,724017
2019-11-22,215.0,219.39999389648438,214.3000030517578,216.5500030517578,214.85887145996094,612768
2019-11-25,220.3000030517578,226.39999389648438,217.6999969482422,220.1999969482422,218.4803466796875,1794531
2019-11-26,223.0,223.0,214.9499969482422,219.75,218.03387451171875,1953175
2019-11-27,217.8000030517578,218.39999389648438,213.64999389648438,215.8000030517578,214.11471557617188,593347
2019-11-28,216.0,220.75,214.75,218.0500030517578,216.34715270996094,697629
2019-11-29,220.0,224.1999969482422,214.8000030517578,219.6999969482422,217.9842529296875,956976
2019-12-02,220.6999969482422,220.6999969482422,214.64999389648438,218.10000610351562,216.39675903320312,423511
2019-12-03,219.1999969482422,222.6999969482422,215.5500030517578,218.8000030517578,217.09129333496094,700710
2019-12-04,217.1999969482422,224.1999969482422,217.0500030517578,220.1999969482422,218.4803466796875,841144
2019-12-05,219.0,222.8000030517578,217.75,221.10000610351562,219.3733367919922,619127
2019-12-06,221.14999389648438,222.39999389648438,216.10000610351562,218.25,216.5455780029297,1196261
2019-12-09,218.5,221.25,214.64999389648438,217.10000610351562,215.40457153320312,777300
2019-12-10,219.8000030517578,219.8000030517578,214.8000030517578,216.85000610351562,215.15652465820312,671464
2019-12-11,218.10000610351562,227.39999389648438,217.5,222.89999389648438,221.15927124023438,1149830
2019-12-12,226.0,227.89999389648438,222.5500030517578,224.89999389648438,223.14364624023438,561959
2019-12-13,227.60000610351562,231.1999969482422,225.0500030517578,228.85000610351562,227.06280517578125,813508
2019-12-16,228.5,231.3000030517578,227.89999389648438,230.3000030517578,228.50148010253906,462392
2019-12-17,230.64999389648438,231.39999389648438,228.4499969482422,229.9499969482422,228.15420532226562,454892
2019-12-18,229.25,230.0,224.1999969482422,227.85000610351562,226.07061767578125,1032397
2019-12-19,226.8000030517578,228.89999389648438,225.64999389648438,228.3000030517578,226.51710510253906,187351
2019-12-20,228.5500030517578,232.60000610351562,225.85000610351562,230.4499969482422,228.6503143310547,381012
2019-12-23,229.14999389648438,233.25,224.64999389648438,227.25,225.4752960205078,411914
2019-12-24,226.0500030517578,230.14999389648438,226.0,228.64999389648438,226.86436462402344,317591
2019-12-26,229.89999389648438,229.89999389648438,225.5500030517578,226.75,224.9792022705078,409498
2019-12-27,226.0,233.4499969482422,225.9499969482422,232.89999389648438,231.0811767578125,323510
2019-12-30,234.4499969482422,235.14999389648438,231.85000610351562,233.14999389648438,231.3292236328125,254448
2019-12-31,229.14999389648438,234.3000030517578,229.14999389648438,230.9499969482422,229.1464080810547,218882
2020-01-01,230.85000610351562,232.10000610351562,227.14999389648438,227.60000610351562,225.82257080078125,201119
2020-01-02,227.0,234.14999389648438,226.5500030517578,233.75,231.92454528808594,289219
2020-01-03,233.0,233.60000610351562,227.10000610351562,228.5500030517578,226.76515197753906,234977
2020-01-06,227.0,227.39999389648438,220.0500030517578,220.89999389648438,219.1748809814453,460789
2020-01-07,221.1999969482422,227.3000030517578,221.1999969482422,225.5500030517578,223.78857421875,252651
2020-01-08,224.6999969482422,228.14999389648438,217.39999389648438,227.5,225.7233428955078,247894
2020-01-09,229.0,240.3000030517578,229.0,238.4499969482422,236.58782958984375,697065
2020-01-10,238.0500030517578,245.0,236.10000610351562,244.14999389648438,242.24331665039062,710733
2020-01-13,245.39999389648438,253.5500030517578,244.4499969482422,252.85000610351562,250.87538146972656,608387
2020-01-14,252.8000030517578,257.6000061035156,250.64999389648438,254.5500030517578,252.56210327148438,437468
2020-01-15,253.60000610351562,258.1000061035156,252.35000610351562,255.85000610351562,253.85195922851562,391612
2020-01-16,256.0,259.54998779296875,254.85000610351562,258.45001220703125,256.4316711425781,355965
2020-01-17,258.8999938964844,262.0,257.0,261.1499938964844,259.1105651855469,340270
2020-01-20,261.0,263.6499938964844,257.3999938964844,259.1000061035156,257.0765686035156,588971
2020-01-21,259.0,259.0,255.10000610351562,257.04998779296875,255.04257202148438,508494
2020-01-22,259.1000061035156,261.25,255.10000610351562,258.20001220703125,256.1836242675781,377267
2020-01-23,258.1499938964844,262.0,257.25,260.70001220703125,258.6640930175781,690522
2020-01-24,262.5,265.75,261.1499938964844,262.79998779296875,260.7476501464844,570200
2020-01-27,262.79998779296875,264.0,255.1999969482422,257.04998779296875,255.04257202148438,356378
2020-01-28,256.0,261.3500061035156,255.35000610351562,257.75,255.7371063232422,398644
2020-01-29,258.95001220703125,261.75,256.79998779296875,258.70001220703125,256.6797180175781,492299
2020-01-30,260.0,260.0,252.10000610351562,254.64999389648438,252.66131591796875,250435
2020-01-31,256.95001220703125,262.6499938964844,254.3000030517578,260.45001220703125,258.4160461425781,718053
2020-02-03,229.0,233.4499969482422,217.9499969482422,231.0500030517578,229.24562072753906,1364141
2020-02-04,231.3000030517578,247.60000610351562,230.9499969482422,245.35000610351562,243.4339599609375,890478
2020-02-05,248.5,255.75,246.0,253.5,251.5203094482422,938169
2020-02-06,247.0,254.5500030517578,243.4499969482422,246.1999969482422,244.27731323242188,815676
2020-02-07,247.0,247.5,234.6999969482422,235.75,233.90892028808594,625102
2020-02-10,236.0,236.5,231.1999969482422,233.6999969482422,231.8749237060547,870266
2020-02-11,235.10000610351562,237.75,232.60000610351562,233.6999969482422,231.8749237060547,458000
2020-02-12,234.1999969482422,235.8000030517578,226.85000610351562,230.9499969482422,229.1464080810547,812589
2020-02-13,233.3000030517578,233.3000030517578,227.5,231.3000030517578,229.49366760253906,1066447
2020-02-14,233.39999389648438,234.5,224.60000610351562,226.25,224.4831085205078,874399
2020-02-17,228.0,229.85000610351562,217.85000610351562,219.4499969482422,217.7362060546875,598389
2020-02-18,217.0,219.25,216.60000610351562,218.14999389648438,216.4463653564453,411796
2020-02-19,220.0,228.60000610351562,218.35000610351562,226.9499969482422,225.17764282226562,665036
2020-02-20,229.35000610351562,229.35000610351562,219.0500030517578,220.0500030517578,218.33152770996094,365532
2020-02-24,219.0,219.0,211.25,212.1999969482422,210.54283142089844,519787
2020-02-25,215.0,219.5500030517578,212.85000610351562,216.6999969482422,215.0076904296875,312222
2020-02-26,216.0,217.64999389648438,210.75,212.1999969482422,210.54283142089844,250904
2020-02-27,213.0,213.0,205.0,208.64999389648438,207.0205535888672,375829
2020-02-28,204.9499969482422,204.9499969482422,193.3000030517578,201.3000030517578,199.72796630859375,743771
2020-03-02,207.0,213.39999389648438,199.9499969482422,204.0500030517578,202.45648193359375,550467
2020-03-03,206.0,212.0500030517578,203.5,206.8000030517578,205.1850128173828,1278921
2020-03-04,208.89999389648438,209.39999389648438,198.5,203.89999389648438,202.30764770507812,421727
2020-03-05,203.8000030517578,207.3000030517578,200.5,202.5,200.9185791015625,800325
2020-03-06,198.0,198.0,187.89999389648438,194.25,192.73301696777344,805013
2020-03-09,190.0,190.0,178.8000030517578,182.35000610351562,180.9259490966797,628880
2020-03-11,181.0,184.8000030517578,176.9499969482422,178.3000030517578,176.90757751464844,522801
2020-03-12,170.0,170.0,154.60000610351562,156.39999389648438,155.1785888671875,784340
2020-03-13,148.89999389648438,171.85000610351562,140.8000030517578,166.64999389648438,165.34854125976562,1565378
2020-03-16,156.8000030517578,157.0500030517578,147.3000030517578,149.0,147.83639526367188,375460
2020-03-17,147.64999389648438,155.0,143.8000030517578,144.60000610351562,143.47076416015625,525714
2020-03-18,150.0,150.0,138.0,140.10000610351562,139.0059051513672,490293
2020-03-19,131.0,140.1999969482422,125.6500015258789,129.10000610351562,128.09181213378906,850472
2020-03-20,129.89999389648438,141.85000610351562,121.4000015258789,139.89999389648438,138.8074493408203,867915
2020-03-23,125.94999694824219,134.1999969482422,124.0,126.05000305175781,125.06562042236328,343595
2020-03-24,130.0,133.0500030517578,117.9000015258789,120.69999694824219,119.75739288330078,705539
2020-03-25,118.3499984741211,127.4000015258789,114.5,124.05000305175781,123.08123779296875,657178
2020-03-26,122.4000015258789,147.0,121.94999694824219,138.10000610351562,137.02151489257812,749142
2020-03-27,140.0,153.9499969482422,136.89999389648438,138.89999389648438,137.8152618408203,660611
2020-03-30,138.0500030517578,138.0500030517578,128.85000610351562,130.75,129.72891235351562,300665
2020-03-31,134.0,138.89999389648438,130.4499969482422,137.5,136.4261932373047,426256
2020-04-01,130.0,136.89999389648438,130.0,132.64999389648438,131.61407470703125,339109
2020-04-03,132.64999389648438,136.0,130.5,132.1999969482422,131.16758728027344,385175
2020-04-07,136.6999969482422,142.89999389648438,135.14999389648438,141.4499969482422,140.34535217285156,406650
2020-04-08,141.39999389648438,146.8000030517578,135.89999389648438,137.89999389648438,136.8230743408203,463362
2020-04-09,142.8000030517578,151.64999389648438,140.6999969482422,149.6999969482422,148.53091430664062,468987
2020-04-13,149.6999969482422,149.75,134.75,139.60000610351562,138.5098114013672,1277263
2020-04-15,137.0,144.5500030517578,137.0,140.25,139.15472412109375,438132
2020-04-16,136.35000610351562,143.35000610351562,132.75,134.0500030517578,133.00314331054688,1100802
2020-04-17,139.9499969482422,145.1999969482422,135.89999389648438,136.89999389648438,135.83087158203125,2788384
2020-04-20,139.9499969482422,139.9499969482422,131.39999389648438,134.4499969482422,133.40000915527344,1160186
2020-04-21,134.35000610351562,134.35000610351562,129.14999389648438,132.8000030517578,131.76290893554688,1392044
2020-04-22,132.0,135.1999969482422,130.0,133.5,132.4574432373047,923522
2020-04-23,134.0,138.5,133.10000610351562,137.0,135.9300994873047,980716
2020-04-24,136.0,136.0,127.69999694824219,128.35000610351562,127.34766387939453,1710913
2020-04-27,130.0,133.6999969482422,129.6999969482422,132.9499969482422,131.91172790527344,333009
2020-04-28,133.89999389648438,138.60000610351562,133.89999389648438,138.10000610351562,137.02151489257812,1118943
2020-04-29,138.1999969482422,142.4499969482422,137.85000610351562,141.5500030517578,140.444580078125,428198
2020-04-30,142.8000030517578,152.3000030517578,142.8000030517578,146.9499969482422,145.80239868164062,566939
2020-05-04,146.9499969482422,146.9499969482422,131.6999969482422,133.10000610351562,132.06056213378906,787923
2020-05-05,135.0,136.25,126.0999984741211,126.8499984741211,125.85936737060547,551588
2020-05-06,128.39999389648438,131.14999389648438,125.05000305175781,130.0,128.98477172851562,583747
2020-05-07,132.0,133.3000030517578,128.5500030517578,129.14999389648438,128.1414031982422,317784
2020-05-08,131.75,132.39999389648438,129.39999389648438,130.0,128.98477172851562,678881
2020-05-11,132.5,135.39999389648438,131.25,133.10000610351562,132.06056213378906,234563
2020-05-12,131.0,137.8000030517578,130.14999389648438,136.89999389648438,135.83087158203125,350618
2020-05-13,142.75,146.39999389648438,139.6999969482422,141.0,139.89886474609375,514990
2020-05-14,139.0,140.1999969482422,135.10000610351562,137.14999389648438,136.0789337158203,633181
2020-05-15,139.39999389648438,140.3000030517578,136.8000030517578,138.85000610351562,137.76565551757812,310496
2020-05-18,139.89999389648438,139.89999389648438,129.75,132.39999389648438,131.36602783203125,414735
2020-05-19,133.9499969482422,135.35000610351562,130.5,131.25,130.22500610351562,312785
2020-05-20,131.5,141.5,131.25,139.5500030517578,138.46018981933594,566826
2020-05-21,140.0,141.0,136.6999969482422,139.1999969482422,138.1129150390625,431677
2020-05-22,138.10000610351562,139.9499969482422,133.9499969482422,135.25,134.1937713623047,322191
2020-05-26,137.39999389648438,137.89999389648438,134.60000610351562,136.6999969482422,135.6324462890625,173378
2020-05-27,137.10000610351562,138.4499969482422,134.85000610351562,137.75,136.6742401123047,291270
2020-05-28,137.39999389648438,145.9499969482422,137.0500030517578,144.10000610351562,142.97467041015625,528263
2020-05-29,144.0,152.8000030517578,140.25,150.85000610351562,149.6719512939453,814022
2020-06-01,152.8000030517578,158.5,151.0,152.39999389648438,151.2098388671875,756805
2020-06-02,153.6999969482422,158.9499969482422,150.60000610351562,157.39999389648438,156.17079162597656,616914
2020-06-03,159.0,163.0500030517578,154.8000030517578,155.9499969482422,154.73211669921875,924063
2020-06-04,154.0500030517578,158.25,152.75,156.39999389648438,155.1785888671875,696553
2020-06-05,150.35000610351562,158.10000610351562,148.85000610351562,157.1999969482422,155.97235107421875,1447513
2020-06-08,160.35000610351562,163.4499969482422,152.14999389648438,152.8000030517578,151.60671997070312,909258
2020-06-09,155.0,158.10000610351562,152.0,153.3000030517578,152.10281372070312,427039
2020-06-10,153.3000030517578,158.5,153.3000030517578,156.8000030517578,155.5754852294922,374303
2020-06-11,157.39999389648438,160.9499969482422,149.64999389648438,150.64999389648438,149.47349548339844,651631
2020-06-12,147.89999389648438,154.64999389648438,144.14999389648438,154.10000610351562,152.8965606689453,468849
2020-06-15,154.6999969482422,154.6999969482422,145.10000610351562,145.89999389648438,144.76058959960938,394194
2020-06-16,150.0,151.10000610351562,143.8000030517578,146.4499969482422,145.30630493164062,418688
2020-06-17,146.10000610351562,151.89999389648438,145.10000610351562,150.0,148.82858276367188,312135
2020-06-18,150.0,150.10000610351562,146.0,147.6999969482422,146.54653930664062,367736
2020-06-22,163.8000030517578,164.10000610351562,158.3000030517578,159.9499969482422,158.70086669921875,884182
2020-06-23,161.10000610351562,170.1999969482422,159.5500030517578,168.60000610351562,167.2833251953125,1299055
2020-06-24,168.64999389648438,171.10000610351562,158.89999389648438,160.0500030517578,158.8000946044922,910998
2020-06-25,159.0,161.39999389648438,156.60000610351562,157.14999389648438,155.92274475097656,577777
2020-06-26,158.6999969482422,158.9499969482422,152.39999389648438,154.5,153.29344177246094,540286
2020-06-29,154.5,155.10000610351562,149.8000030517578,151.5,150.31686401367188,327284
2020-06-30,152.25,154.14999389648438,147.25,148.0500030517578,146.89381408691406,300598
2020-07-01,149.0,152.39999389648438,148.0,150.10000610351562,148.9278106689453,484083
2020-07-02,151.1999969482422,154.0,150.0,152.85000610351562,151.6563262939453,296344
2020-07-06,152.0,156.0,152.0,154.64999389648438,153.4422607421875,334575
2020-07-07,153.0,155.1999969482422,150.0500030517578,153.0500030517578,151.85476684570312,398394
2020-07-08,152.6999969482422,154.4499969482422,145.60000610351562,146.39999389648438,145.25668334960938,1598990
2020-07-09,149.89999389648438,151.0,144.64999389648438,146.10000610351562,144.95904541015625,1508790
2020-07-10,145.9499969482422,149.39999389648438,144.39999389648438,147.64999389648438,146.49693298339844,1729084
2020-07-13,149.0,149.0,141.75,142.89999389648438,141.78402709960938,784118
2020-07-14,143.25,144.9499969482422,139.3000030517578,139.89999389648438,138.8074493408203,1197573
2020-07-15,140.39999389648438,142.5,136.5,137.10000610351562,136.02932739257812,2138588
2020-07-16,137.6999969482422,140.25,134.6999969482422,138.5500030517578,137.46800231933594,1348128
2020-07-17,139.5,141.1999969482422,137.3000030517578,140.6999969482422,139.60121154785156,383439
2020-07-20,141.0,143.8000030517578,139.64999389648438,140.89999389648438,139.7996368408203,1010943
2020-07-21,142.39999389648438,147.35000610351562,141.8000030517578,143.39999389648438,142.28012084960938,677475
2020-07-22,143.60000610351562,146.25,141.14999389648438,142.6999969482422,141.58558654785156,629197
2020-07-23,142.6999969482422,144.3000030517578,141.5,142.75,141.63519287109375,336627
2020-07-24,143.0,143.0,136.9499969482422,138.85000610351562,137.76565551757812,431156
2020-07-27,139.10000610351562,139.39999389648438,134.60000610351562,136.25,135.1859588623047,407505
2020-07-28,136.5500030517578,142.0,135.25,141.1999969482422,140.09730529785156,1112740
2020-07-29,140.0,142.8000030517578,138.39999389648438,139.8000030517578,138.70823669433594,468437
2020-07-30,139.8000030517578,141.60000610351562,137.8000030517578,140.14999389648438,139.0554962158203,311138
2020-07-31,141.5,142.6999969482422,139.0,141.10000610351562,139.9980926513672,464256
2020-08-03,142.5,142.5,138.10000610351562,138.4499969482422,137.3687744140625,234542
2020-08-04,139.0,143.60000610351562,138.39999389648438,142.5,141.38714599609375,1693811
2020-08-05,143.4499969482422,145.10000610351562,141.0500030517578,142.39999389648438,141.28793334960938,683500
2020-08-06,140.0,147.39999389648438,140.0,142.6999969482422,141.58558654785156,753542
2020-08-07,144.8000030517578,144.8000030517578,141.0500030517578,141.9499969482422,140.84144592285156,1355534
2020-08-10,141.9499969482422,150.10000610351562,141.9499969482422,148.4499969482422,147.29067993164062,1349121
2020-08-11,150.0,150.39999389648438,145.75,146.4499969482422,145.30630493164062,397442
2020-08-12,144.8000030517578,148.0500030517578,144.60000610351562,146.60000610351562,145.45513916015625,253509
2020-08-13,146.64999389648438,148.9499969482422,145.6999969482422,147.75,146.5961456298828,806513
2020-08-14,149.85000610351562,149.85000610351562,140.39999389648438,142.60000610351562,141.4863739013672,510071
2020-08-17,144.39999389648438,147.39999389648438,141.8000030517578,147.10000610351562,145.95123291015625,602314
2020-08-18,145.3000030517578,160.25,145.3000030517578,157.0500030517578,155.8235321044922,2137298
2020-08-19,157.0500030517578,159.8000030517578,155.6999969482422,157.60000610351562,156.36923217773438,646193
2020-08-20,156.0,164.39999389648438,155.0,160.9499969482422,159.6930694580078,1138597
2020-08-21,163.0,164.0,160.5,161.6999969482422,160.4372100830078,632435
2020-08-24,162.0,167.0,156.9499969482422,157.64999389648438,156.41883850097656,2782893
2020-08-25,157.6999969482422,162.4499969482422,154.8000030517578,156.39999389648438,155.1785888671875,927121
2020-08-26,156.8000030517578,161.4499969482422,156.14999389648438,160.0500030517578,158.8000946044922,697612
2020-08-27,162.6999969482422,180.10000610351562,160.8000030517578,175.9499969482422,174.575927734375,3866728
2020-08-28,176.0,179.60000610351562,172.10000610351562,172.9499969482422,171.59934997558594,1436495
2020-08-31,172.9499969482422,176.3000030517578,157.10000610351562,158.25,157.01416015625,853413
2020-09-01,160.0,161.75,153.39999389648438,160.85000610351562,159.59385681152344,715263
2020-09-02,160.85000610351562,163.8000030517578,155.75,161.14999389648438,159.89149475097656,683224
2020-09-03,161.60000610351562,161.9499969482422,157.6999969482422,158.5500030517578,157.3118133544922,486446
2020-09-04,156.0,157.5,153.3000030517578,154.89999389648438,153.6903076171875,429240
2020-09-07,154.89999389648438,156.8000030517578,149.6999969482422,152.25,151.06100463867188,560605
2020-09-08,152.5,153.8000030517578,149.39999389648438,150.1999969482422,149.0270233154297,426361
2020-09-09,149.0,151.25,145.0500030517578,150.1999969482422,149.0270233154297,423488
2020-09-10,152.35000610351562,153.14999389648438,147.5500030517578,150.14999389648438,148.97740173339844,479465
2020-09-11,150.14999389648438,156.85000610351562,149.6999969482422,154.25,153.04539489746094,920396
2020-09-14,155.0,159.1999969482422,154.64999389648438,155.5,154.28562927246094,738075
2020-09-15,156.5,159.0500030517578,153.5500030517578,155.5,154.28562927246094,915986
2020-09-16,156.5,164.25,154.1999969482422,163.39999389648438,162.12393188476562,1288822
2020-09-17,163.0,163.0,156.39999389648438,156.8000030517578,155.5754852294922,706824
2020-09-18,156.89999389648438,166.0500030517578,156.89999389648438,161.0500030517578,159.7922821044922,1334462
2020-09-21,163.39999389648438,163.39999389648438,150.0500030517578,152.1999969482422,151.0113983154297,1150226
2020-09-22,152.0,152.6999969482422,146.5,149.0500030517578,147.88600158691406,1060350
2020-09-23,152.4499969482422,154.25,142.5500030517578,150.4499969482422,149.2750701904297,1107892
2020-09-24,147.0,148.25,144.39999389648438,146.25,145.1078643798828,439133
2020-09-25,147.3000030517578,153.0,147.3000030517578,151.3000030517578,150.11843872070312,824126
2020-09-28,153.89999389648438,158.35000610351562,152.9499969482422,157.75,156.51805114746094,611471
2020-09-29,158.0,159.0,153.0,154.75,153.54148864746094,698724
2020-09-30,155.0,156.5500030517578,151.8000030517578,152.5500030517578,151.35867309570312,768989
2020-10-01,153.0,158.60000610351562,153.0,155.75,154.53367614746094,431477
2020-10-05,156.89999389648438,161.75,156.5500030517578,159.3000030517578,158.0559539794922,435075
2020-10-06,160.1999969482422,165.5,159.8000030517578,162.8000030517578,161.52862548828125,1249127
2020-10-07,162.89999389648438,163.60000610351562,157.14999389648438,158.75,157.51025390625,393690
2020-10-08,159.0,161.89999389648438,157.6999969482422,159.64999389648438,158.40321350097656,510531
2020-10-09,161.0,162.5,155.89999389648438,156.89999389648438,155.6746826171875,762620
2020-10-12,158.8000030517578,160.0,155.1999969482422,155.89999389648438,154.6824951171875,497103
2020-10-13,155.8000030517578,159.35000610351562,154.25,155.0500030517578,153.83914184570312,496947
2020-10-14,156.0,159.8000030517578,153.5,158.9499969482422,157.70867919921875,569241
2020-10-15,160.25,160.75,154.25,155.4499969482422,154.23602294921875,584679
2020-10-16,155.4499969482422,164.1999969482422,153.89999389648438,162.3000030517578,161.03253173828125,751012
2020-10-19,164.6999969482422,167.89999389648438,161.8000030517578,164.75,163.46339416503906,445181
2020-10-20,164.39999389648438,168.89999389648438,163.1999969482422,167.4499969482422,166.14230346679688,704595
2020-10-21,168.0,174.10000610351562,165.0500030517578,172.14999389648438,170.8055877685547,937648
2020-10-22,174.0,175.10000610351562,170.89999389648438,172.4499969482422,171.10325622558594,876349
2020-10-23,175.0,175.0,170.6999969482422,171.1999969482422,169.86302185058594,194389
2020-10-26,172.10000610351562,172.60000610351562,164.60000610351562,166.10000610351562,164.8028564453125,315107
2020-10-27,167.89999389648438,167.89999389648438,163.85000610351562,164.9499969482422,163.6618194580078,693857
2020-10-28,165.0,165.0,155.3000030517578,156.10000610351562,154.88095092773438,1356413
2020-10-29,154.4499969482422,156.10000610351562,150.6999969482422,153.1999969482422,152.0035858154297,3345252
2020-10-30,153.0,159.25,152.60000610351562,158.3000030517578,157.0637664794922,669624
2020-11-02,160.1999969482422,170.89999389648438,156.8000030517578,164.75,163.46339416503906,1370014
2020-11-03,165.4499969482422,168.9499969482422,162.75,163.75,162.47120666503906,449274
2020-11-04,159.0,164.6999969482422,159.0,162.8000030517578,161.52862548828125,354818
2020-11-05,165.0,167.3000030517578,164.4499969482422,165.89999389648438,164.60440063476562,602689
2020-11-06,164.0,169.25,164.0,167.75,166.43995666503906,638164
2020-11-09,169.75,174.60000610351562,169.14999389648438,172.75,171.40090942382812,763061
2020-11-10,174.25,181.89999389648438,172.0,180.5500030517578,179.13999938964844,1055985
2020-11-11,179.14999389648438,183.85000610351562,177.14999389648438,182.89999389648438,181.47164916992188,1097820
2020-11-12,181.0,185.85000610351562,179.1999969482422,182.60000610351562,181.1739959716797,667422
2020-11-13,183.9499969482422,185.75,180.6999969482422,184.6999969482422,183.25758361816406,535408
2020-11-14,185.14999389648438,186.5500030517578,183.0,184.5,183.0591583251953,101387
2020-11-17,184.10000610351562,190.60000610351562,184.10000610351562,188.1999969482422,186.73025512695312,610371
2020-11-18,192.89999389648438,194.39999389648438,186.3000030517578,190.5500030517578,189.06190490722656,1034673
2020-11-19,190.5500030517578,200.75,182.75,184.8000030517578,183.3568115234375,1929787
2020-11-20,188.4499969482422,189.10000610351562,180.0,182.0,180.57867431640625,740377
2020-11-23,182.0500030517578,187.39999389648438,181.10000610351562,186.10000610351562,184.64666748046875,787179
2020-11-24,187.5,191.3000030517578,186.3000030517578,189.5,188.02011108398438,712288
2020-11-25,192.0,192.0,182.0,182.9499969482422,181.52125549316406,1106095
2020-11-26,183.60000610351562,185.0,179.64999389648438,184.39999389648438,182.95993041992188,433601
2020-11-27,184.39999389648438,189.8000030517578,184.35000610351562,187.10000610351562,185.63885498046875,1483882
2020-12-01,189.60000610351562,197.39999389648438,189.60000610351562,195.0500030517578,193.52676391601562,742825
2020-12-02,195.10000610351562,202.1999969482422,194.10000610351562,200.8000030517578,199.2318572998047,677360
2020-12-03,202.0,204.89999389648438,199.1999969482422,203.0500030517578,201.46429443359375,517131
2020-12-04,204.9499969482422,212.25,203.0500030517578,211.1999969482422,209.55064392089844,985648
2020-12-07,211.0,211.35000610351562,205.75,208.14999389648438,206.5244598388672,423441
2020-12-08,207.9499969482422,211.3000030517578,204.3000030517578,206.14999389648438,204.54006958007812,560944
2020-12-09,207.4499969482422,213.85000610351562,206.39999389648438,212.0500030517578,210.39401245117188,623327
2020-12-10,212.5500030517578,219.39999389648438,207.85000610351562,217.85000610351562,216.14871215820312,653641
2020-12-11,219.10000610351562,221.5,212.75,218.75,217.04168701171875,965492
2020-12-14,218.75,218.75,212.39999389648438,213.5,211.8326873779297,371417
2020-12-15,213.0,215.0500030517578,207.5,214.60000610351562,212.92410278320312,1154427
2020-12-16,215.4499969482422,240.3000030517578,214.9499969482422,235.35000610351562,233.51205444335938,3609115
2020-12-17,235.89999389648438,237.5500030517578,231.0500030517578,234.35000610351562,232.5198516845703,747361
2020-12-18,234.39999389648438,234.39999389648438,228.4499969482422,231.35000610351562,229.5432891845703,566783
2020-12-21,231.39999389648438,234.5,208.25,214.85000610351562,213.17214965820312,779858
2020-12-22,214.25,222.0,209.85000610351562,219.75,218.03387451171875,779866
2020-12-23,219.75,230.5,217.5500030517578,228.6999969482422,226.91397094726562,604202
2020-12-24,229.5,233.3000030517578,224.5,226.10000610351562,224.33428955078125,594606
2020-12-28,235.0,239.0,230.89999389648438,232.75,230.93234252929688,1292473
2020-12-29,235.0,236.39999389648438,228.64999389648438,231.4499969482422,229.6425018310547,454234
2020-12-30,231.89999389648438,236.89999389648438,228.5,235.9499969482422,234.10736083984375,500563
2020-12-31,237.0,238.25,231.6999969482422,232.85000610351562,231.0315704345703,433941
2021-01-01,233.0,240.35000610351562,232.5500030517578,238.3000030517578,236.4390106201172,1161527
2021-01-04,238.5500030517578,245.0,233.3000030517578,244.3000030517578,242.39215087890625,801105
2021-01-05,239.64999389648438,246.85000610351562,239.25,241.6999969482422,239.8124542236328,1953086
2021-01-06,240.0,244.3000030517578,234.8000030517578,241.0,239.117919921875,694360
2021-01-07,245.39999389648438,249.1999969482422,242.6999969482422,245.5500030517578,243.63238525390625,746668
2021-01-08,246.5500030517578,252.39999389648438,245.85000610351562,248.14999389648438,246.2120819091797,1030569
2021-01-11,248.85000610351562,251.14999389648438,243.60000610351562,247.0,245.07106018066406,2003236
2021-01-12,247.0,277.79998779296875,245.5,267.54998779296875,265.4605712890625,3212237
2021-01-13,271.5,292.8999938964844,268.29998779296875,280.45001220703125,278.2598571777344,2710192
2021-01-14,281.0,285.79998779296875,277.1000061035156,281.54998779296875,279.3512268066406,995640
2021-01-15,280.1000061035156,286.75,274.8999938964844,279.3999938964844,277.218017578125,883127
2021-01-18,279.20001220703125,282.6000061035156,269.0,276.79998779296875,274.6383361816406,588879
2021-01-19,280.0,299.45001220703125,279.1499938964844,289.04998779296875,286.79266357421875,1549924
2021-01-20,291.5,294.8999938964844,287.70001220703125,290.3999938964844,288.13214111328125,808838
2021-01-21,292.1000061035156,298.0,279.29998779296875,282.3999938964844,280.1946105957031,808015
2021-01-22,283.54998779296875,284.8999938964844,266.5,269.25,267.1473083496094,1662158
2021-01-25,273.5,278.5,265.54998779296875,270.1499938964844,268.040283203125,1483502
2021-01-27,270.1499938964844,270.1499938964844,257.04998779296875,258.5,256.48126220703125,1049164
2021-01-28,253.0,262.70001220703125,251.5,260.70001220703125,258.6640930175781,1505636
2021-01-29,263.20001220703125,265.1499938964844,253.0500030517578,255.39999389648438,253.40545654296875,1013086
2021-02-01,260.20001220703125,288.95001220703125,255.0,281.95001220703125,279.7481384277344,2231672
2021-02-02,285.0,299.0,278.8500061035156,294.3999938964844,292.10089111328125,2699496
2021-02-03,300.0,300.8500061035156,285.79998779296875,289.6499938964844,287.3879699707031,2304671
2021-02-04,289.25,312.3500061035156,286.0,304.79998779296875,302.419677734375,2003141
2021-02-05,310.0,314.6499938964844,298.0,305.5,303.11419677734375,3478043
2021-02-08,315.5,319.0,309.70001220703125,312.8999938964844,310.4564208984375,2146782
2021-02-09,315.0,321.0,304.3500061035156,307.0,304.6025085449219,1416398
2021-02-10,307.20001220703125,315.95001220703125,307.20001220703125,311.29998779296875,308.868896484375,925240
2021-02-11,313.45001220703125,315.25,308.54998779296875,309.6499938964844,307.2317810058594,3833783
2021-02-12,311.95001220703125,316.20001220703125,308.6499938964844,311.6499938964844,309.2161865234375,706079
2021-02-15,312.0,325.70001220703125,312.0,317.25,314.7724609375,1070391
2021-02-16,319.6000061035156,328.25,315.6000061035156,319.1000061035156,316.6080017089844,776225
2021-02-17,319.3999938964844,321.3500061035156,312.6499938964844,314.70001220703125,312.24237060546875,735135
2021-02-18,315.5,316.8999938964844,304.3999938964844,306.25,303.8583679199219,1416848
2021-02-19,307.8999938964844,311.1499938964844,293.20001220703125,300.3999938964844,298.0540466308594,1726551
2021-02-22,301.0,304.5,291.3500061035156,293.6000061035156,291.3071594238281,574338
2021-02-23,298.0,310.6000061035156,296.8999938964844,305.79998779296875,303.411865234375,1584478
2021-02-24,307.0,329.79998779296875,305.0,313.45001220703125,311.00213623046875,1958663
2021-02-25,316.0,319.04998779296875,313.20001220703125,314.54998779296875,312.0935363769531,582288
2021-02-26,306.04998779296875,310.70001220703125,300.5,302.8999938964844,300.5345153808594,1537720
2021-03-01,305.0,310.6499938964844,302.0,307.1499938964844,304.7513122558594,625238
2021-03-02,309.95001220703125,314.8500061035156,307.54998779296875,313.25,310.8036804199219,439096
2021-03-03,316.3999938964844,328.6000061035156,315.20001220703125,324.20001220703125,321.6681823730469,823357
2021-03-04,318.70001220703125,332.6000061035156,316.3500061035156,326.25,323.7021484375,2944885
2021-03-05,325.0,325.0,312.6000061035156,317.79998779296875,315.3181457519531,1378443
2021-03-08,320.0,323.0,314.3999938964844,316.20001220703125,313.73065185546875,370982
2021-03-09,317.5,321.1000061035156,308.54998779296875,311.1499938964844,308.7200927734375,854522
2021-03-10,314.0,316.0,311.5,314.20001220703125,311.74627685546875,295295
2021-03-12,315.0,321.95001220703125,306.5,308.3500061035156,305.94195556640625,952552
2021-03-15,315.0,315.0,296.8999938964844,304.29998779296875,301.923583984375,1693165
2021-03-16,304.5,306.8999938964844,301.6000061035156,304.1499938964844,301.7747497558594,368492
2021-03-17,304.1499938964844,306.04998779296875,289.6000061035156,291.54998779296875,289.27313232421875,740547
2021-03-18,295.0,298.25,283.0,287.75,285.5028381347656,1120648
2021-03-19,286.0,289.1499938964844,277.95001220703125,287.3999938964844,285.1555480957031,552427
2021-03-22,287.6000061035156,293.79998779296875,284.5,292.25,289.9676818847656,524066
2021-03-23,293.04998779296875,302.6499938964844,293.0,298.04998779296875,295.7223815917969,604767
2021-03-24,293.5,297.04998779296875,282.79998779296875,284.04998779296875,281.8316955566406,524316
2021-03-25,287.8999938964844,287.8999938964844,270.04998779296875,277.04998779296875,274.8863830566406,463781
2021-03-26,282.1499938964844,284.1499938964844,277.04998779296875,279.1000061035156,276.9203796386719,394070
2021-03-30,282.0,284.3500061035156,274.54998779296875,279.1000061035156,276.9203796386719,327588
2021-03-31,279.8500061035156,288.45001220703125,274.29998779296875,287.04998779296875,284.80828857421875,452251
2021-04-01,289.8999938964844,293.3999938964844,283.6000061035156,291.70001220703125,289.4219970703125,428995
2021-04-05,290.95001220703125,290.95001220703125,272.29998779296875,276.3500061035156,274.1918640136719,574735
2021-04-06,280.0,284.3999938964844,275.8500061035156,278.8500061035156,276.6723327636719,349633
2021-04-07,281.3999938964844,285.5,278.8500061035156,282.95001220703125,280.7403259277344,456155
2021-04-08,285.29998779296875,287.1000061035156,279.45001220703125,280.6000061035156,278.4086608886719,571292
2021-04-09,280.6000061035156,285.0,278.20001220703125,279.45001220703125,277.2676696777344,422097
2021-04-12,272.0,272.0,244.14999389648438,246.60000610351562,244.6741943359375,929551
2021-04-13,248.0,258.45001220703125,247.64999389648438,255.8000030517578,253.80233764648438,572645
2021-04-15,254.0,258.79998779296875,246.10000610351562,248.10000610351562,246.1624755859375,607375
2021-04-16,248.10000610351562,254.8000030517578,246.4499969482422,252.5,250.52810668945312,540381
2021-04-19,240.0,243.85000610351562,235.0500030517578,236.8000030517578,234.9507293701172,923273
2021-04-20,239.9499969482422,241.5,232.0,234.39999389648438,232.5694580078125,430770
2021-04-22,232.3000030517578,248.89999389648438,231.9499969482422,247.1999969482422,245.26950073242188,769585
2021-04-23,244.9499969482422,248.3000030517578,239.10000610351562,242.0,240.110107421875,568634
2021-04-26,245.0,248.1999969482422,242.6999969482422,246.85000610351562,244.9222412109375,400604
2021-04-27,247.89999389648438,254.64999389648438,246.4499969482422,253.8000030517578,251.81796264648438,630337
2021-04-28,255.0,256.75,249.64999389648438,250.5500030517578,248.5933380126953,346291
2021-04-29,252.0,254.5,247.5500030517578,249.1999969482422,247.25387573242188,241572
2021-04-30,245.0,254.4499969482422,243.5,247.64999389648438,245.7159881591797,290061
2021-05-03,243.10000610351562,248.8000030517578,241.75,247.89999389648438,245.9640350341797,400628
2021-05-04,248.0,254.25,244.89999389648438,245.8000030517578,243.88043212890625,237707
2021-05-05,247.5,253.4499969482422,247.0,248.5500030517578,246.6089630126953,208054
2021-05-06,251.0,251.3000030517578,245.1999969482422,250.35000610351562,248.39491271972656,234815
2021-05-07,250.0,262.54998779296875,250.0,257.95001220703125,255.93556213378906,745457
2021-05-10,259.0,267.1000061035156,259.0,266.20001220703125,264.1211242675781,671751
2021-05-11,262.5,271.6000061035156,262.04998779296875,265.45001220703125,263.3769836425781,499407
2021-05-12,265.45001220703125,270.95001220703125,263.20001220703125,265.3999938964844,263.3273620605469,264567
2021-05-14,266.25,269.1499938964844,245.0,250.0500030517578,248.0972442626953,559776
2021-05-17,254.0,261.1499938964844,250.4499969482422,259.25,257.22540283203125,382036
2021-05-18,261.70001220703125,265.45001220703125,260.8999938964844,261.8500061035156,259.8050842285156,221386
2021-05-19,264.79998779296875,267.79998779296875,261.20001220703125,265.04998779296875,262.9801025390625,256994
2021-05-20,265.0,269.0,261.5,267.3999938964844,265.3117370605469,250669
2021-05-21,269.25,275.79998779296875,267.3999938964844,268.25,266.1551208496094,511537
2021-05-24,271.0,279.0,267.70001220703125,277.1499938964844,274.985595703125,508700
2021-05-25,279.20001220703125,284.5,277.45001220703125,278.8500061035156,276.6723327636719,573256
2021-05-26,278.29998779296875,293.04998779296875,278.29998779296875,291.25,288.9754943847656,884155
2021-05-27,292.0,292.25,281.8500061035156,283.25,281.0379638671875,701680
2021-05-28,286.6000061035156,288.5,283.5,286.3999938964844,284.1633605957031,285868
2021-05-31,285.6000061035156,290.54998779296875,284.5,288.20001220703125,285.9493408203125,1986064
2021-06-01,291.0,291.0,280.6000061035156,287.3500061035156,285.10595703125,243017
2021-06-02,284.0,292.5,282.8999938964844,290.8500061035156,288.57861328125,866620
2021-06-03,292.04998779296875,303.0,292.0,297.70001220703125,295.3751220703125,651691
2021-06-04,297.8500061035156,302.29998779296875,293.70001220703125,296.8999938964844,294.58135986328125,506628
2021-06-07,298.0,304.1000061035156,296.6000061035156,298.8500061035156,296.5161437988281,234654
2021-06-08,298.6000061035156,306.45001220703125,296.6000061035156,304.3999938964844,302.0227966308594,537453
2021-06-09,305.0,307.8999938964844,294.8500061035156,297.79998779296875,295.4743347167969,362258
2021-06-10,300.70001220703125,317.0,298.70001220703125,313.3500061035156,310.9029235839844,1032854
2021-06-11,317.5,317.5,309.1499938964844,309.95001220703125,307.52947998046875,553086
2021-06-14,315.29998779296875,315.29998779296875,290.75,299.1000061035156,296.7641906738281,1127407
2021-06-15,303.3999938964844,310.8999938964844,300.25,308.75,306.3388366699219,429378
2021-06-16,309.0,311.8500061035156,304.45001220703125,306.3500061035156,303.95758056640625,840757
2021-06-17,302.5,306.1499938964844,294.8500061035156,296.79998779296875,294.4821472167969,489493
2021-06-18,299.0,299.0,282.3999938964844,294.70001220703125,292.3985595703125,500682
2021-06-21,286.0,304.1499938964844,286.0,302.6000061035156,300.23687744140625,340867
2021-06-22,302.6000061035156,306.0,295.79998779296875,296.79998779296875,294.4821472167969,327060
2021-06-23,298.0,300.5,292.29998779296875,293.1000061035156,290.8110656738281,266727
2021-06-24,296.3999938964844,296.3999938964844,288.5,290.25,287.9833068847656,196497
2021-06-25,289.04998779296875,296.25,289.04998779296875,293.8500061035156,291.5552062988281,420584
2021-06-28,296.0,297.1000061035156,292.29998779296875,293.54998779296875,291.25750732421875,142704
2021-06-29,293.70001220703125,296.29998779296875,285.04998779296875,287.20001220703125,284.9571228027344,601622
2021-06-30,289.79998779296875,289.79998779296875,280.3500061035156,281.1499938964844,278.9543762207031,217193
2021-07-01,281.8999938964844,285.95001220703125,279.45001220703125,280.1499938964844,277.9621887207031,264849
2021-07-02,281.0,285.75,280.75,283.8500061035156,281.63330078125,196880
2021-07-05,285.04998779296875,294.45001220703125,284.45001220703125,293.75,291.4559631347656,876473
2021-07-06,294.04998779296875,296.79998779296875,289.54998779296875,290.79998779296875,288.52899169921875,460285
2021-07-07,292.0,298.5,289.95001220703125,294.8500061035156,292.5473937988281,333958
2021-07-08,295.0,298.6000061035156,287.0,287.8500061035156,285.60205078125,219136
2021-07-09,288.6499938964844,302.0,287.45001220703125,300.1000061035156,297.7563781738281,889250
2021-07-12,304.70001220703125,313.0,300.8500061035156,311.04998779296875,308.620849609375,1213744
2021-07-13,314.0,318.75,311.54998779296875,314.04998779296875,311.597412109375,917581
2021-07-14,314.5,315.75,310.5,311.79998779296875,309.364990234375,260609
2021-07-15,312.0,323.79998779296875,310.3999938964844,322.25,319.7333984375,565151
2021-07-16,325.29998779296875,336.3999938964844,321.04998779296875,330.8999938964844,328.31585693359375,2127058
2021-07-19,326.6000061035156,338.70001220703125,324.5,331.25,328.6631164550781,2839429
2021-07-20,332.29998779296875,333.45001220703125,321.0,322.6499938964844,320.1302795410156,487117
2021-07-22,325.0,334.6000061035156,325.0,330.45001220703125,327.869384765625,525157
2021-07-23,330.95001220703125,335.1000061035156,325.04998779296875,333.95001220703125,331.342041015625,452705
2021-07-26,335.79998779296875,341.0,332.45001220703125,334.0,331.3916320800781,1240845
2021-07-27,339.5,344.5,328.6499938964844,336.95001220703125,334.318603515625,1573612
2021-07-28,339.5,339.5,326.45001220703125,331.8999938964844,329.30804443359375,618305
2021-07-29,337.95001220703125,341.6499938964844,332.20001220703125,340.1000061035156,337.4440002441406,454365
2021-07-30,339.8999938964844,344.54998779296875,336.29998779296875,337.75,335.11236572265625,459808
2021-08-02,340.5,354.75,337.8999938964844,351.79998779296875,349.0526123046875,1203349
2021-08-03,354.79998779296875,356.8500061035156,350.6000061035156,355.29998779296875,352.5252990722656,1701949
2021-08-04,355.04998779296875,359.1000061035156,346.45001220703125,350.6499938964844,347.91162109375,675549
2021-08-05,350.3500061035156,353.75,345.6499938964844,351.5,348.7549743652344,700015
2021-08-06,350.0,353.25,340.95001220703125,342.95001220703125,340.2717590332031,318170
2021-08-09,345.8999938964844,349.5,339.0,342.20001220703125,339.5276184082031,371516
2021-08-10,343.20001220703125,345.75,330.1499938964844,334.5,331.8877258300781,304806
2021-08-11,334.5,336.0,323.04998779296875,331.6499938964844,329.05999755859375,371105
2021-08-12,332.5,338.1000061035156,329.29998779296875,334.0,331.3916320800781,250440
2021-08-13,335.70001220703125,338.54998779296875,329.5,332.5,329.9033508300781,201967
2021-08-16,333.5,338.04998779296875,328.29998779296875,329.75,327.1748352050781,210732
2021-08-17,329.1499938964844,332.95001220703125,320.8500061035156,325.29998779296875,322.75958251953125,268137
2021-08-18,327.0,332.8500061035156,324.29998779296875,327.25,324.6943664550781,247554
2021-08-20,324.04998779296875,325.29998779296875,306.5,309.1000061035156,306.68609619140625,386801
2021-08-23,314.0,316.1499938964844,304.1499938964844,306.6000061035156,304.20562744140625,253296
2021-08-24,308.25,316.3500061035156,306.25,315.20001220703125,312.73846435546875,265262
2021-08-25,315.20001220703125,317.54998779296875,303.0,307.6499938964844,305.2474060058594,282305
2021-08-26,309.8999938964844,311.3999938964844,305.1499938964844,307.6499938964844,305.2474060058594,337432
2021-08-27,309.5,314.3500061035156,308.70001220703125,311.6000061035156,309.16656494140625,331525
2021-08-30,312.5,320.8500061035156,312.5,319.70001220703125,317.2033386230469,175532
2021-08-31,318.95001220703125,323.70001220703125,317.8500061035156,320.45001220703125,317.9474792480469,915368
2021-09-01,321.20001220703125,334.95001220703125,319.5,332.8999938964844,330.30023193359375,667217
2021-09-02,335.0,340.8999938964844,331.04998779296875,338.75,336.10455322265625,381264
2021-09-03,340.54998779296875,346.54998779296875,338.45001220703125,343.6000061035156,340.91668701171875,344861
2021-09-06,345.3999938964844,348.79998779296875,341.6000061035156,345.8500061035156,343.14910888671875,817494
2021-09-07,346.5,347.20001220703125,334.3500061035156,336.0,333.3760070800781,341213
2021-09-08,336.0,337.3500061035156,329.5,334.45001220703125,331.838134765625,213146
2021-09-09,331.0,334.45001220703125,329.75,333.0,330.3994445800781,104017
2021-09-13,332.95001220703125,341.0,332.3999938964844,339.3999938964844,336.74945068359375,241851
2021-09-14,341.79998779296875,344.8500061035156,341.1000061035156,342.25,339.57720947265625,186287
2021-09-15,343.70001220703125,345.6000061035156,341.1000061035156,342.5,339.82525634765625,88452
2021-09-16,344.0,344.8500061035156,339.6000061035156,342.20001220703125,339.5276184082031,171820
2021-09-17,343.79998779296875,348.5,331.8999938964844,334.6000061035156,331.9869689941406,973456
2021-09-20,332.0,337.45001220703125,320.1499938964844,323.0,320.4775390625,387316
2021-09-21,323.5,333.6000061035156,319.79998779296875,330.75,328.1670227050781,358426
2021-09-22,333.95001220703125,371.45001220703125,331.45001220703125,369.1499938964844,366.2671203613281,2072792
2021-09-23,370.1000061035156,412.6000061035156,370.1000061035156,401.95001220703125,398.8110046386719,3379680
2021-09-24,404.0,418.45001220703125,397.79998779296875,410.6000061035156,407.3934326171875,2505622
2021-09-27,413.5,427.79998779296875,411.6499938964844,419.8500061035156,416.5711975097656,1449274
2021-09-28,421.8999938964844,421.8999938964844,397.04998779296875,410.0,406.7981262207031,1080925
2021-09-29,406.3999938964844,420.8500061035156,405.0,410.79998779296875,407.59185791015625,656495
2021-09-30,411.54998779296875,420.8500061035156,408.29998779296875,417.25,413.99151611328125,426456
2021-10-01,418.1000061035156,422.6000061035156,411.1499938964844,417.20001220703125,413.94189453125,550316
2021-10-04,416.5,431.6000061035156,414.70001220703125,424.6499938964844,421.3337097167969,604113
2021-10-05,422.8999938964844,423.8500061035156,413.3500061035156,415.54998779296875,412.3047790527344,325951
2021-10-06,415.95001220703125,419.3500061035156,406.3999938964844,408.3999938964844,405.2106018066406,306670
2021-10-07,412.20001220703125,428.70001220703125,412.20001220703125,422.6000061035156,419.2997131347656,729899
2021-10-08,423.5,425.20001220703125,412.3500061035156,415.75,412.5032043457031,364543
2021-10-11,418.8999938964844,437.79998779296875,416.04998779296875,424.8999938964844,421.5817565917969,1183547
2021-10-12,425.0,432.20001220703125,419.45001220703125,429.0,425.6497497558594,424541
2021-10-13,432.0,435.79998779296875,426.29998779296875,427.3999938964844,424.0622253417969,306145
2021-10-14,430.0,444.6000061035156,429.6000061035156,434.95001220703125,431.55328369140625,522387
2021-10-18,434.70001220703125,449.79998779296875,430.6499938964844,441.45001220703125,438.0025329589844,536531
2021-10-19,444.79998779296875,444.79998779296875,410.29998779296875,415.0,411.7590637207031,437617
2021-10-20,416.1000061035156,420.25,405.3500061035156,412.95001220703125,409.72509765625,1073487
2021-10-21,413.5,417.0,398.1000061035156,407.0,403.8215637207031,346249
2021-10-22,410.8999938964844,418.5,406.75,414.0,410.7668762207031,313983
2021-10-25,413.20001220703125,414.0,391.95001220703125,401.04998779296875,397.9179992675781,409502
2021-10-26,401.1499938964844,417.04998779296875,401.1499938964844,415.95001220703125,412.70166015625,187616
2021-10-27,418.0,422.79998779296875,412.20001220703125,414.29998779296875,411.06451416015625,278653
2021-10-28,416.0,416.0,394.45001220703125,396.25,393.1554870605469,291950
2021-10-29,406.0,409.70001220703125,388.04998779296875,398.6000061035156,395.4871520996094,543527
2021-11-01,405.5,414.8999938964844,403.0,408.8500061035156,405.6571044921875,393462
2021-11-02,412.0,432.0,411.3999938964844,429.95001220703125,426.59234619140625,743494
2021-11-03,432.45001220703125,434.79998779296875,422.5,429.70001220703125,426.34429931640625,592692
2021-11-04,431.0,433.25,429.3500061035156,430.70001220703125,427.33648681640625,66188
2021-11-08,434.04998779296875,444.0,428.0,440.6499938964844,437.208740234375,295375
2021-11-09,442.20001220703125,442.45001220703125,433.20001220703125,437.3500061035156,433.9345397949219,191196
2021-11-10,435.70001220703125,438.79998779296875,430.04998779296875,434.3999938964844,431.007568359375,170136
2021-11-11,434.3999938964844,438.0,414.45001220703125,416.25,412.9992980957031,397640
2021-11-12,417.0,429.0,417.0,428.04998779296875,424.7071533203125,268456
2021-11-15,431.5,431.54998779296875,420.5,423.75,420.44073486328125,158236
2021-11-16,426.0,431.3999938964844,421.8500061035156,423.5,420.19268798828125,155962
2021-11-17,422.70001220703125,426.5,416.0,417.8999938964844,414.63641357421875,139740
2021-11-18,418.1499938964844,421.8999938964844,405.3999938964844,416.04998779296875,412.8008728027344,236921
2021-11-22,415.0,417.6499938964844,394.5,400.3500061035156,397.2234802246094,331910
2021-11-23,399.0,410.45001220703125,396.75,407.45001220703125,404.2680358886719,218307
2021-11-24,408.0,412.5,401.1499938964844,403.75,400.596923828125,155589
2021-11-25,405.0,408.54998779296875,398.8999938964844,407.29998779296875,404.11920166015625,208124
2021-11-26,397.25,401.3999938964844,372.0,376.6499938964844,373.70855712890625,668232
2021-11-29,380.0,383.20001220703125,363.45001220703125,374.8500061035156,371.9226379394531,405193
2021-11-30,378.0,390.70001220703125,372.29998779296875,375.04998779296875,372.1210632324219,382375
2021-12-01,378.0,385.54998779296875,375.3999938964844,383.04998779296875,380.0585632324219,291276
2021-12-02,384.70001220703125,387.0,377.79998779296875,384.95001220703125,381.9437561035156,170427
2021-12-03,385.8999938964844,389.5,383.54998779296875,386.29998779296875,383.283203125,169798
2021-12-06,384.0,390.29998779296875,375.1499938964844,376.6000061035156,373.6589660644531,381485
2021-12-07,377.54998779296875,393.0,377.54998779296875,391.3500061035156,388.29376220703125,268252
2021-12-08,393.1000061035156,398.75,393.1000061035156,397.3500061035156,394.2469177246094,213843
2021-12-09,397.3500061035156,400.8999938964844,392.54998779296875,398.20001220703125,395.09027099609375,123754
2021-12-10,399.25,422.04998779296875,396.8500061035156,419.20001220703125,415.9263000488281,413133
2021-12-13,419.8999938964844,423.5,412.45001220703125,414.04998779296875,410.81646728515625,324387
2021-12-14,410.0,420.0,405.75,416.20001220703125,412.94970703125,158113
2021-12-15,417.79998779296875,418.29998779296875,409.0,410.8999938964844,407.69110107421875,130278
2021-12-16,414.5,414.5,403.0,405.25,402.085205078125,132898
2021-12-17,405.25,406.6000061035156,389.0,390.25,387.2023620605469,250902
2021-12-20,385.0,385.6000061035156,361.0,366.54998779296875,363.68743896484375,1005041
2021-12-21,370.0,381.20001220703125,368.75,372.95001220703125,370.0374755859375,190028
2021-12-22,377.5,380.45001220703125,372.0,377.29998779296875,374.3534851074219,181004
2021-12-23,382.0,388.8999938964844,380.6000061035156,383.3999938964844,380.4058532714844,207817
2021-12-24,387.0,387.0,375.3999938964844,379.45001220703125,376.4867248535156,131418
2021-12-27,381.0,384.29998779296875,369.54998779296875,382.5,379.51287841796875,304591
2021-12-28,385.0,389.95001220703125,383.0,385.75,382.73748779296875,137127
2021-12-29,388.0,389.1000061035156,381.5,385.6499938964844,382.6382751464844,143911
2021-12-30,384.6499938964844,385.1000061035156,377.1000061035156,378.95001220703125,375.9906311035156,96515
2021-12-31,390.0,391.6499938964844,381.6499938964844,390.3999938964844,387.3511657714844,151728
2022-01-03,391.20001220703125,397.6000061035156,390.6499938964844,394.45001220703125,391.36956787109375,149480
2022-01-04,397.0,400.3999938964844,390.79998779296875,394.25,391.1711120605469,183169
2022-01-05,394.3500061035156,404.5,391.1499938964844,402.3500061035156,399.2078552246094,171080
2022-01-06,401.0,401.0,391.0,398.6000061035156,395.4871520996094,264159
2022-01-07,399.0,406.45001220703125,396.0,400.75,397.620361328125,242936
2022-01-10,406.8999938964844,411.70001220703125,405.45001220703125,407.79998779296875,404.61529541015625,344130
2022-01-11,410.0,416.0,407.5,409.25,406.0539855957031,177339
2022-01-12,421.0,426.70001220703125,411.70001220703125,417.5,414.23956298828125,557337
2022-01-13,419.0,419.0,409.6000061035156,411.0,407.7903137207031,162861
2022-01-14,406.3500061035156,418.8999938964844,405.1499938964844,417.20001220703125,413.94189453125,246287
2022-01-17,417.25,425.0,413.25,423.8999938964844,420.5895690917969,204311
2022-01-18,427.45001220703125,429.79998779296875,390.95001220703125,404.1499938964844,400.9938049316406,473522
2022-01-19,402.20001220703125,411.75,398.54998779296875,408.29998779296875,405.11138916015625,292860
2022-01-20,408.0,410.29998779296875,403.3999938964844,407.79998779296875,404.61529541015625,165062
2022-01-21,401.20001220703125,405.20001220703125,390.5,394.6000061035156,391.5184020996094,274629
2022-01-24,396.0,396.0,365.70001220703125,371.95001220703125,369.0452880859375,364352
2022-01-25,371.8999938964844,382.5,363.29998779296875,378.8500061035156,375.8913879394531,357127
2022-01-27,374.0,377.3500061035156,362.0,373.95001220703125,371.0296630859375,453542
2022-01-28,377.45001220703125,389.3999938964844,376.5,378.3999938964844,375.44488525390625,196322
2022-01-31,381.8999938964844,392.6499938964844,381.8500061035156,391.1499938964844,388.0953369140625,232027
2022-02-01,392.0,407.95001220703125,385.04998779296875,405.04998779296875,401.88677978515625,743964
2022-02-02,407.75,409.04998779296875,397.3999938964844,399.5,396.380126953125,261326
2022-02-03,401.5,409.5,398.8999938964844,402.70001220703125,399.5551452636719,246549
2022-02-04,403.5,407.04998779296875,396.8999938964844,399.3500061035156,396.2312927246094,168636
2022-02-07,400.0,401.5,385.5,387.20001220703125,384.1761779785156,160287
2022-02-08,387.70001220703125,391.8999938964844,376.70001220703125,384.54998779296875,381.546875,194687
2022-02-09,387.5,391.54998779296875,385.29998779296875,386.3500061035156,383.33282470703125,116746
2022-02-10,388.0,394.5,382.0,391.04998779296875,387.99609375,194476
2022-02-11,388.25,388.45001220703125,377.0,378.75,375.79217529296875,158573
2022-02-15,356.5,373.1499938964844,347.70001220703125,371.5,368.5987854003906,663674
2022-02-16,374.5,376.20001220703125,366.6000061035156,367.79998779296875,364.92767333984375,231085
2022-02-17,370.0,371.25,362.6499938964844,365.6000061035156,362.744873046875,161315
2022-02-18,362.70001220703125,367.04998779296875,357.8999938964844,359.70001220703125,356.8909606933594,151182
2022-02-21,355.1499938964844,357.6499938964844,344.5,347.04998779296875,344.3397216796875,322994
2022-02-22,331.0,338.0,323.20001220703125,324.45001220703125,321.9162292480469,597999
2022-02-23,330.0,345.3500061035156,329.1000061035156,344.20001220703125,341.5119934082031,720315
2022-02-24,329.0,339.45001220703125,318.1499938964844,320.70001220703125,318.1955261230469,835783
2022-02-25,334.0,351.3999938964844,331.95001220703125,348.8500061035156,346.12567138671875,851563
2022-02-28,341.0,352.25,340.0,350.8500061035156,348.11004638671875,472836
2022-03-02,345.04998779296875,350.3999938964844,340.1499938964844,346.75,344.0420837402344,406549
2022-03-03,360.5,360.5,336.6000061035156,339.04998779296875,336.4021911621094,270362
2022-03-04,335.0,336.3500061035156,326.54998779296875,327.54998779296875,324.99200439453125,413969
2022-03-07,324.0,324.0,306.0,313.6499938964844,311.2005615234375,638168
2022-03-08,314.79998779296875,331.29998779296875,312.20001220703125,329.25,326.6787414550781,629605
2022-03-09,330.04998779296875,344.04998779296875,329.04998779296875,340.0,337.34478759765625,231065
2022-03-10,347.20001220703125,360.5,347.0,354.70001220703125,351.92999267578125,578604
2022-03-11,354.0,356.70001220703125,349.1000061035156,353.6499938964844,350.88818359375,205994
2022-03-14,351.0,356.0,340.75,343.45001220703125,340.7678527832031,190954
2022-03-15,346.20001220703125,353.20001220703125,335.6000061035156,340.95001220703125,338.2873840332031,330360
2022-03-16,346.5,356.25,346.5,355.3500061035156,352.5749206542969,185194
2022-03-17,358.8999938964844,364.8999938964844,357.5,362.95001220703125,360.1155700683594,204222
2022-03-21,366.5,366.5,352.8999938964844,354.20001220703125,351.43389892578125,277421
2022-03-22,353.1000061035156,360.75,345.1499938964844,358.75,355.9483642578125,355868
2022-03-23,361.95001220703125,367.54998779296875,355.5,357.25,354.4600830078125,482721
2022-03-24,355.5,361.1000061035156,352.3999938964844,356.5,353.7159423828125,171107
2022-03-25,358.5,365.95001220703125,356.25,365.0,362.1495361328125,196586
2022-03-28,367.95001220703125,368.70001220703125,356.5,363.79998779296875,360.9588928222656,219734
2022-03-29,365.79998779296875,373.5,364.75,372.95001220703125,370.0374755859375,421551
2022-03-30,375.5,387.29998779296875,374.3999938964844,382.6499938964844,379.6617126464844,417407
2022-03-31,382.75,385.79998779296875,378.3999938964844,380.45001220703125,377.4789123535156,135065
2022-04-01,380.45001220703125,387.5,379.1000061035156,385.6000061035156,382.58868408203125,176794
2022-04-04,388.70001220703125,390.20001220703125,383.79998779296875,387.20001220703125,384.1761779785156,182419
2022-04-05,390.70001220703125,396.3500061035156,385.6499938964844,394.3500061035156,391.2703552246094,284868
2022-04-06,388.25,403.3500061035156,388.25,397.79998779296875,394.6933898925781,529871
2022-04-07,402.1000061035156,407.54998779296875,397.54998779296875,400.95001220703125,397.8188171386719,307472
2022-04-08,404.5,405.0,395.1499938964844,395.95001220703125,392.85784912109375,187500
2022-04-11,396.0,404.70001220703125,393.29998779296875,403.0,399.852783203125,222359
2022-04-12,404.3999938964844,404.3999938964844,388.70001220703125,393.45001220703125,390.37738037109375,180608
2022-04-13,395.0,399.3999938964844,390.0,390.8500061035156,387.79766845703125,142128
2022-04-18,381.3500061035156,390.29998779296875,379.3500061035156,388.75,385.7140808105469,191078
2022-04-19,391.5,393.0,372.20001220703125,377.54998779296875,374.6015319824219,157586
2022-04-20,380.0,382.70001220703125,373.70001220703125,377.54998779296875,374.6015319824219,143100
2022-04-21,378.29998779296875,390.70001220703125,378.29998779296875,389.79998779296875,386.755859375,100361
2022-04-22,388.1000061035156,389.1499938964844,378.5,379.75,376.78436279296875,95650
2022-04-25,373.0,375.79998779296875,361.04998779296875,364.0,361.1573486328125,230405
2022-04-26,367.5,382.0,367.1499938964844,378.1000061035156,375.1472473144531,120956
2022-04-27,375.6000061035156,377.6499938964844,368.5,375.8500061035156,372.9148254394531,93518
2022-04-28,380.0,380.8999938964844,371.04998779296875,379.6000061035156,376.6355285644531,153920
2022-04-29,380.5,386.3999938964844,368.5,372.25,369.3429260253906,126749
2022-05-04,371.0,372.70001220703125,346.70001220703125,348.1499938964844,345.4311218261719,1247108
2022-05-05,348.0,352.0,338.0,340.1000061035156,337.4440002441406,392080
2022-05-06,326.0,336.8500061035156,326.0,328.8500061035156,326.2818603515625,389871
2022-05-09,327.0,332.29998779296875,324.5,327.1499938964844,324.5951232910156,217098
2022-05-10,330.5,338.3500061035156,316.6499938964844,318.25,315.7646484375,255409
2022-05-11,323.0,328.1000061035156,313.54998779296875,326.3999938964844,323.8509826660156,414054
2022-05-12,326.0,326.0,316.0,322.3500061035156,319.8326416015625,309359
2022-05-13,324.20001220703125,332.70001220703125,317.29998779296875,318.6499938964844,316.1614990234375,319351
2022-05-16,323.0,331.29998779296875,317.70001220703125,327.3999938964844,324.8431701660156,201970
2022-05-17,331.0,336.1000061035156,323.6000061035156,334.1499938964844,331.54046630859375,243187
2022-05-18,335.75,344.75,323.70001220703125,325.04998779296875,322.51153564453125,642324
2022-05-19,316.0,325.6000061035156,309.20001220703125,320.6499938964844,318.1459045410156,467763
2022-05-20,328.0,336.3500061035156,325.0,331.54998779296875,328.96075439453125,335859
2022-05-23,332.0,339.79998779296875,329.1499938964844,330.70001220703125,328.117431640625,409732
2022-05-24,332.3999938964844,333.75,323.04998779296875,324.45001220703125,321.9162292480469,127716
2022-05-25,326.1000061035156,328.70001220703125,307.8999938964844,311.70001220703125,309.26580810546875,205962
2022-05-26,311.25,328.79998779296875,302.3500061035156,320.0,317.5009765625,309966
2022-05-27,324.29998779296875,329.5,319.3500061035156,324.75,322.2138671875,233645
2022-05-30,329.75,347.79998779296875,327.6000061035156,346.75,344.0420837402344,611353
2022-05-31,346.75,350.04998779296875,342.6000061035156,345.5,342.80181884765625,207368
2022-06-01,345.0,348.5,333.75,337.0,334.36822509765625,156156
2022-06-02,337.6000061035156,341.25,334.8999938964844,339.8500061035156,337.1959533691406,347790
2022-06-03,342.5,342.8500061035156,329.6000061035156,330.75,328.1670227050781,128408
2022-06-06,330.5,330.5,323.1499938964844,326.8999938964844,324.3470764160156,158176
2022-06-07,327.0,327.0,315.1499938964844,318.6499938964844,316.1614990234375,164251
2022-06-08,320.0,331.70001220703125,316.1499938964844,326.1499938964844,323.6029357910156,225469
2022-06-09,321.54998779296875,326.95001220703125,321.1499938964844,324.95001220703125,322.4123229980469,143365
2022-06-10,320.5,325.75,319.3500061035156,321.8500061035156,319.3365173339844,117128
2022-06-13,315.75,315.75,304.95001220703125,307.70001220703125,305.2970275878906,297725
2022-06-14,304.6000061035156,319.29998779296875,304.1000061035156,313.8999938964844,311.4486083984375,258041
2022-06-15,318.20001220703125,319.54998779296875,312.75,317.3500061035156,314.8716735839844,209051
2022-06-16,322.3999938964844,322.3999938964844,302.6499938964844,304.25,301.87396240234375,264655
2022-06-17,303.0,310.0,298.20001220703125,302.54998779296875,300.1872253417969,349792
2022-06-20,305.0,306.3500061035156,294.75,298.5,296.16888427734375,326538
2022-06-21,301.0,317.1000061035156,301.0,315.3999938964844,312.9368896484375,293035
2022-06-22,313.20001220703125,314.29998779296875,303.04998779296875,304.29998779296875,301.923583984375,303591
2022-06-23,306.0,315.45001220703125,303.6499938964844,313.54998779296875,311.101318359375,371393
2022-06-24,315.54998779296875,320.0,314.45001220703125,315.70001220703125,313.23455810546875,131851
2022-06-27,318.95001220703125,322.45001220703125,315.1000061035156,318.1000061035156,315.6158142089844,98510
2022-06-28,317.0,320.0,310.6000061035156,319.3999938964844,316.9056396484375,281093
2022-06-29,316.0,319.20001220703125,313.0,317.75,315.2685546875,102751
2022-06-30,316.0,321.29998779296875,308.29998779296875,312.3999938964844,309.9603271484375,167572
2022-07-01,311.0,324.25,309.45001220703125,323.29998779296875,320.7751770019531,191891
2022-07-04,324.8999938964844,326.54998779296875,321.0,324.79998779296875,322.26348876953125,127740
2022-07-05,325.25,329.6499938964844,321.25,322.1000061035156,319.5845642089844,150443
2022-07-06,322.5,330.54998779296875,322.1000061035156,329.70001220703125,327.125244140625,151831
2022-07-07,330.0,337.3999938964844,330.0,336.79998779296875,334.1697692871094,188216
2022-07-08,339.70001220703125,341.54998779296875,334.95001220703125,340.75,338.08892822265625,103184
2022-07-11,335.0,347.6000061035156,335.0,346.20001220703125,343.4963684082031,138663
2022-07-12,343.79998779296875,350.3500061035156,342.1499938964844,346.70001220703125,343.9924621582031,207434
2022-07-13,350.0,353.8500061035156,344.3999938964844,347.5,344.7862243652344,120770
2022-07-14,350.0,352.20001220703125,344.25,348.3500061035156,345.62957763671875,173018
2022-07-15,351.5,355.04998779296875,349.6499938964844,353.6499938964844,350.88818359375,130326
2022-07-18,357.04998779296875,357.29998779296875,350.3500061035156,353.25,350.4913024902344,857730
2022-07-19,351.25,361.3999938964844,351.25,359.79998779296875,356.9901428222656,156752
2022-07-20,363.0,364.20001220703125,352.20001220703125,356.0,353.2198181152344,122304
2022-07-21,356.0,361.45001220703125,356.0,360.54998779296875,357.7342834472656,63343
2022-07-22,362.0,363.29998779296875,358.20001220703125,360.1000061035156,357.2878112792969,135578
2022-07-25,362.0,362.0,353.5,357.3999938964844,354.60888671875,47392
2022-07-26,357.29998779296875,362.29998779296875,354.3500061035156,360.45001220703125,357.6351013183594,82829
2022-07-27,359.04998779296875,369.5,358.79998779296875,368.0,365.1261291503906,206426
2022-07-28,372.0,384.0,371.20001220703125,382.04998779296875,379.0663757324219,293370
2022-07-29,386.0,396.75,384.1000061035156,386.0,382.98553466796875,459622
2022-08-01,386.0,387.5,376.70001220703125,384.1499938964844,381.1499938964844,1015605
2022-08-02,384.0,386.04998779296875,375.0,376.1499938964844,376.1499938964844,225231
2022-08-03,382.70001220703125,382.70001220703125,368.5,372.04998779296875,372.04998779296875,111786
2022-08-04,373.5,375.79998779296875,361.0,367.6499938964844,367.6499938964844,119777
2022-08-05,370.0,372.75,366.0,367.6000061035156,367.6000061035156,161730
2022-08-08,367.0,372.54998779296875,366.0,369.0,369.0,98467
2022-08-10,368.04998779296875,375.20001220703125,367.79998779296875,368.3999938964844,368.3999938964844,338297
2022-08-11,370.0,375.25,370.0,372.45001220703125,372.45001220703125,110600
2022-08-12,371.79998779296875,377.0,371.79998779296875,372.95001220703125,372.95001220703125,107708
2022-08-16,374.0,382.3500061035156,374.0,379.1499938964844,379.1499938964844,236744
2022-08-17,381.5,386.45001220703125,379.5,380.20001220703125,380.20001220703125,206342
2022-08-18,379.20001220703125,389.8999938964844,379.20001220703125,389.1499938964844,389.1499938964844,166034
2022-08-19,391.0,391.0,371.1000061035156,373.54998779296875,373.54998779296875,357887
2022-08-22,372.0,372.0,363.04998779296875,364.95001220703125,364.95001220703125,165527
2022-08-23,360.1000061035156,369.5,360.1000061035156,368.1000061035156,368.1000061035156,220515
2022-08-24,371.0,373.25,368.25,372.0,372.0,100727
2022-08-25,374.0,383.0,373.8999938964844,376.75,376.75,426005
2022-08-26,377.6000061035156,383.6000061035156,377.6000061035156,379.95001220703125,379.95001220703125,153718
2022-08-29,363.29998779296875,374.79998779296875,363.29998779296875,369.70001220703125,369.70001220703125,128668
2022-08-30,371.6499938964844,391.79998779296875,371.6499938964844,389.8500061035156,389.8500061035156,332500
2022-09-01,389.70001220703125,399.8500061035156,385.79998779296875,398.54998779296875,398.54998779296875,307285
2022-09-02,400.0,405.95001220703125,393.8500061035156,394.8999938964844,394.8999938964844,413346
2022-09-05,395.1000061035156,400.95001220703125,391.29998779296875,393.8999938964844,393.8999938964844,142678
2022-09-06,395.25,398.8999938964844,392.54998779296875,395.0,395.0,107099
2022-09-07,392.75,401.5,390.0,399.45001220703125,399.45001220703125,115907
2022-09-08,400.1499938964844,403.3500061035156,394.95001220703125,397.45001220703125,397.45001220703125,163084
2022-09-09,398.29998779296875,403.20001220703125,393.0,396.70001220703125,396.70001220703125,177697
2022-09-12,397.70001220703125,411.3999938964844,396.0,410.04998779296875,410.04998779296875,1422339
2022-09-13,411.5,413.75,406.45001220703125,408.54998779296875,408.54998779296875,686848
2022-09-14,400.6000061035156,410.29998779296875,397.45001220703125,407.29998779296875,407.29998779296875,250754
2022-09-15,408.0,413.6499938964844,402.0,409.3999938964844,409.3999938964844,693925
2022-09-16,409.0,413.1499938964844,384.45001220703125,389.54998779296875,389.54998779296875,796356
2022-09-19,390.0,393.75,383.1499938964844,385.75,385.75,792145
2022-09-20,388.0,400.20001220703125,388.0,392.0,392.0,204686
2022-09-21,391.8999938964844,392.5,378.5,379.75,379.75,210412
2022-09-22,379.75,383.79998779296875,375.0,380.79998779296875,380.79998779296875,164866
2022-09-23,380.04998779296875,381.75,368.3999938964844,370.29998779296875,370.29998779296875,156552
2022-09-26,365.0,366.6000061035156,350.29998779296875,352.25,352.25,243552
2022-09-27,352.8999938964844,356.70001220703125,344.1499938964844,350.5,350.5,267299
2022-09-28,350.45001220703125,354.20001220703125,345.25,348.6000061035156,348.6000061035156,142942
2022-09-29,352.5,355.3999938964844,345.0,350.45001220703125,350.45001220703125,218044
2022-09-30,347.1499938964844,361.0,347.0,356.75,356.75,199512
2022-10-03,356.1499938964844,357.79998779296875,346.1000061035156,347.75,347.75,190089
2022-10-04,352.5,360.5,352.5,358.6499938964844,358.6499938964844,145659
2022-10-06,365.8500061035156,373.0,363.6000061035156,367.45001220703125,367.45001220703125,248745
2022-10-07,367.0,370.3999938964844,361.8999938964844,368.8999938964844,368.8999938964844,154697
2022-10-10,361.5,367.8500061035156,358.8500061035156,366.04998779296875,366.04998779296875,234516
2022-10-11,364.04998779296875,368.70001220703125,356.75,358.75,358.75,932469
2022-10-12,359.1000061035156,367.5,357.6499938964844,366.8999938964844,366.8999938964844,150188
2022-10-13,364.04998779296875,366.5,357.79998779296875,362.54998779296875,362.54998779296875,130161
2022-10-14,367.20001220703125,371.25,358.0,358.6000061035156,358.6000061035156,301850
2022-10-17,356.1499938964844,361.6499938964844,351.54998779296875,359.3500061035156,359.3500061035156,1035661
2022-10-18,362.0,369.3500061035156,362.0,365.79998779296875,365.79998779296875,126003
2022-10-19,366.5,377.04998779296875,365.8500061035156,370.20001220703125,370.20001220703125,339420
2022-10-20,369.6499938964844,374.54998779296875,365.3999938964844,373.45001220703125,373.45001220703125,108729
2022-10-21,374.5,374.8500061035156,364.79998779296875,370.04998779296875,370.04998779296875,187511
2022-10-24,374.70001220703125,374.70001220703125,366.8500061035156,367.54998779296875,367.54998779296875,81008
2022-10-25,369.95001220703125,375.3999938964844,367.1000061035156,369.75,369.75,627435
2022-10-27,372.75,385.1000061035156,369.75,383.5,383.5,294931
2022-10-28,385.0,385.95001220703125,380.3500061035156,384.45001220703125,384.45001220703125,155866
2022-10-31,384.6000061035156,389.29998779296875,382.5,385.3999938964844,385.3999938964844,136594
2022-11-01,384.79998779296875,391.8999938964844,384.79998779296875,389.6000061035156,389.6000061035156,100739
2022-11-02,387.1000061035156,390.95001220703125,380.20001220703125,384.79998779296875,384.79998779296875,125920
2022-11-03,380.5,388.04998779296875,380.5,384.6499938964844,384.6499938964844,256273
2022-11-04,384.0,389.5,384.0,387.70001220703125,387.70001220703125,67709
2022-11-07,387.0,399.5,387.0,397.3500061035156,397.3500061035156,300695
2022-11-09,397.3500061035156,402.1000061035156,395.54998779296875,397.0,397.0,85003
2022-11-10,393.79998779296875,400.04998779296875,386.70001220703125,391.25,391.25,137759
2022-11-11,395.8500061035156,404.95001220703125,395.8500061035156,400.29998779296875,400.29998779296875,354756
2022-11-14,400.6000061035156,408.0,400.3999938964844,406.45001220703125,406.45001220703125,99211
2022-11-15,406.45001220703125,409.5,401.3999938964844,404.8500061035156,404.8500061035156,145303
2022-11-16,404.54998779296875,406.0,396.6000061035156,400.95001220703125,400.95001220703125,84459
2022-11-17,403.1499938964844,405.3999938964844,400.0,402.75,402.75,52238
2022-11-18,402.20001220703125,404.29998779296875,397.6000061035156,400.75,400.75,85726
2022-11-21,397.0,400.29998779296875,391.70001220703125,394.75,394.75,83858
2022-11-22,396.25,396.3500061035156,387.6499938964844,390.45001220703125,390.45001220703125,99889
2022-11-23,392.5,394.8999938964844,390.20001220703125,391.3999938964844,391.3999938964844,61475
2022-11-24,393.0,394.54998779296875,389.1499938964844,392.1499938964844,392.1499938964844,44260
2022-11-25,390.54998779296875,400.79998779296875,390.54998779296875,396.45001220703125,396.45001220703125,102814
2022-11-28,393.54998779296875,401.6000061035156,393.54998779296875,395.25,395.25,74080
2022-11-29,392.1499938964844,398.0,391.0,392.3999938964844,392.3999938964844,128248
2022-11-30,391.04998779296875,404.3500061035156,389.3500061035156,402.75,402.75,218306
2022-12-01,402.75,414.79998779296875,402.3999938964844,412.70001220703125,412.70001220703125,643800
2022-12-02,414.1000061035156,416.1000061035156,409.8999938964844,410.6499938964844,410.6499938964844,161296
2022-12-05,411.04998779296875,418.45001220703125,410.0,417.54998779296875,417.54998779296875,129998
2022-12-06,417.5,418.0,412.1499938964844,414.1000061035156,414.1000061035156,218106
2022-12-07,414.6000061035156,415.5,405.1499938964844,408.79998779296875,408.79998779296875,93935
2022-12-08,406.04998779296875,410.45001220703125,402.6499938964844,404.70001220703125,404.70001220703125,122303
2022-12-09,405.04998779296875,410.1000061035156,394.1499938964844,402.1499938964844,402.1499938964844,124192
2022-12-12,400.45001220703125,403.8500061035156,396.5,402.5,402.5,71240
2022-12-13,403.0,406.1499938964844,399.45001220703125,400.1499938964844,400.1499938964844,71452
2022-12-14,400.3500061035156,410.6000061035156,400.3500061035156,407.3500061035156,407.3500061035156,140836
2022-12-15,406.95001220703125,409.6000061035156,398.3999938964844,399.6499938964844,399.6499938964844,103677
2022-12-16,395.04998779296875,402.04998779296875,392.20001220703125,393.8500061035156,393.8500061035156,74745
2022-12-19,393.79998779296875,397.1499938964844,389.70001220703125,396.45001220703125,396.45001220703125,84119
2022-12-20,395.04998779296875,395.6499938964844,381.8999938964844,389.3999938964844,389.3999938964844,104432
2022-12-21,390.04998779296875,396.29998779296875,377.70001220703125,380.25,380.25,158209
2022-12-22,380.5,385.04998779296875,374.95001220703125,378.29998779296875,378.29998779296875,85300
2022-12-23,375.20001220703125,376.45001220703125,355.29998779296875,357.0,357.0,166994
2022-12-26,357.04998779296875,372.45001220703125,356.8999938964844,370.6000061035156,370.6000061035156,147714
2022-12-27,373.75,374.0,367.5,371.79998779296875,371.79998779296875,123406
2022-12-28,371.45001220703125,377.0,368.95001220703125,372.20001220703125,372.20001220703125,104382
2022-12-29,369.0,376.0,365.0,373.3500061035156,373.3500061035156,130095
2022-12-30,373.5,381.54998779296875,373.5,375.1499938964844,375.1499938964844,70644
2023-01-02,375.20001220703125,382.3999938964844,374.95001220703125,380.25,380.25,154780
2023-01-03,382.8999938964844,382.8999938964844,378.54998779296875,380.04998779296875,380.04998779296875,66834
2023-01-04,382.0,382.0,368.8999938964844,371.70001220703125,371.70001220703125,170374
2023-01-05,370.3999938964844,374.5,368.75,372.8999938964844,372.8999938964844,71859
2023-01-06,374.8500061035156,374.8500061035156,367.79998779296875,369.8500061035156,369.8500061035156,102470
2023-01-09,371.1000061035156,376.0,370.25,373.79998779296875,373.79998779296875,81836
2023-01-10,371.04998779296875,374.79998779296875,368.5,373.04998779296875,373.04998779296875,63915
2023-01-11,371.04998779296875,375.70001220703125,371.04998779296875,372.04998779296875,372.04998779296875,58233
2023-01-12,377.8500061035156,377.8500061035156,370.75,374.8500061035156,374.8500061035156,124705
2023-01-13,374.04998779296875,379.20001220703125,372.6000061035156,377.5,377.5,66653
2023-01-16,375.6499938964844,379.6499938964844,371.79998779296875,373.8500061035156,373.8500061035156,91859
2023-01-17,372.54998779296875,375.95001220703125,369.04998779296875,375.3500061035156,375.3500061035156,61142
2023-01-18,372.0,377.0,372.0,376.3999938964844,376.3999938964844,60576
2023-01-19,376.95001220703125,376.95001220703125,372.79998779296875,375.54998779296875,375.54998779296875,46053
2023-01-20,376.8999938964844,376.8999938964844,368.70001220703125,369.3999938964844,369.3999938964844,276686
2023-01-23,369.8500061035156,371.45001220703125,367.54998779296875,369.45001220703125,369.45001220703125,72307
2023-01-24,369.45001220703125,371.1499938964844,363.70001220703125,365.1499938964844,365.1499938964844,98573
2023-01-25,362.25,363.6499938964844,348.6000061035156,352.0,352.0,152676
2023-01-27,356.70001220703125,359.6000061035156,347.3999938964844,355.95001220703125,355.95001220703125,233845
2023-01-30,357.0,363.8500061035156,346.75,353.04998779296875,353.04998779296875,198671
2023-01-31,355.04998779296875,360.75,351.70001220703125,356.3999938964844,356.3999938964844,105067
2023-02-01,360.95001220703125,365.5,341.70001220703125,348.8999938964844,348.8999938964844,244582
2023-02-02,350.0,355.8500061035156,341.95001220703125,354.54998779296875,354.54998779296875,365292
2023-02-03,358.29998779296875,358.8999938964844,348.95001220703125,353.6499938964844,353.6499938964844,120563
2023-02-06,353.0,355.20001220703125,350.8999938964844,353.75,353.75,69957
2023-02-07,351.70001220703125,359.0,351.70001220703125,357.04998779296875,357.04998779296875,50277
2023-02-08,357.1000061035156,361.8500061035156,356.0,360.29998779296875,360.29998779296875,57859
2023-02-09,359.5,362.04998779296875,354.0,356.6000061035156,356.6000061035156,75355
2023-02-10,353.25,362.1000061035156,353.25,361.20001220703125,361.20001220703125,55192
2023-02-13,361.54998779296875,365.79998779296875,355.0,357.8500061035156,357.8500061035156,43861
2023-02-14,353.29998779296875,357.75,347.1499938964844,353.6499938964844,353.6499938964844,171176
2023-02-15,348.54998779296875,361.8999938964844,348.54998779296875,360.6000061035156,360.6000061035156,53087
2023-02-16,362.0,373.0,362.0,371.5,371.5,1008037
2023-02-17,368.04998779296875,372.8500061035156,363.3999938964844,364.6000061035156,364.6000061035156,48224
2023-02-20,364.1499938964844,370.45001220703125,363.0,364.75,364.75,116128
2023-02-21,364.04998779296875,366.3500061035156,356.04998779296875,357.6000061035156,357.6000061035156,49198
2023-02-22,355.04998779296875,356.0,347.1000061035156,348.75,348.75,110605
2023-02-23,348.04998779296875,349.45001220703125,341.3999938964844,343.0,343.0,121873
2023-02-24,345.04998779296875,351.0,345.0,346.1000061035156,346.1000061035156,73652
2023-02-27,346.1499938964844,351.3999938964844,342.3999938964844,350.04998779296875,350.04998779296875,82502
2023-02-28,349.75,353.8500061035156,348.95001220703125,351.20001220703125,351.20001220703125,68639
2023-03-01,351.20001220703125,357.25,351.20001220703125,355.5,355.5,36805
2023-03-02,353.04998779296875,357.70001220703125,353.04998779296875,355.25,355.25,31789
2023-03-03,356.0,362.1000061035156,355.04998779296875,360.25,360.25,51567
2023-03-06,360.25,364.29998779296875,357.8999938964844,359.8500061035156,359.8500061035156,90206
2023-03-08,358.45001220703125,364.3999938964844,353.95001220703125,362.6499938964844,362.6499938964844,513009
2023-03-09,362.0,363.8500061035156,356.54998779296875,357.6499938964844,357.6499938964844,42987
2023-03-10,352.04998779296875,356.29998779296875,347.75,350.04998779296875,350.04998779296875,77653
2023-03-13,348.04998779296875,353.0,341.1000061035156,342.54998779296875,342.54998779296875,68707
2023-03-14,342.04998779296875,347.8500061035156,336.54998779296875,347.04998779296875,347.04998779296875,76782
2023-03-15,349.0,351.8999938964844,342.04998779296875,346.54998779296875,346.54998779296875,325274
2023-03-16,347.0,361.20001220703125,344.95001220703125,360.0,360.0,260841
2023-03-17,365.0,377.5,364.5,375.1499938964844,375.1499938964844,376605
2023-03-20,373.04998779296875,374.0,362.20001220703125,369.75,369.75,115315
2023-03-21,369.79998779296875,371.8500061035156,366.3500061035156,367.3500061035156,367.3500061035156,54305
2023-03-22,367.04998779296875,371.45001220703125,367.04998779296875,368.6499938964844,368.6499938964844,97733
2023-03-23,368.0,372.0,365.95001220703125,367.79998779296875,367.79998779296875,55712
2023-03-24,365.04998779296875,367.79998779296875,353.1000061035156,354.29998779296875,354.29998779296875,118610
2023-03-27,355.0,357.3500061035156,347.6000061035156,348.95001220703125,348.95001220703125,83807
2023-03-28,347.6499938964844,353.1499938964844,347.25,348.6000061035156,348.6000061035156,86714
2023-03-29,348.6499938964844,353.8999938964844,346.54998779296875,352.45001220703125,352.45001220703125,52178
2023-03-31,353.1000061035156,360.8500061035156,353.1000061035156,357.0,357.0,57081
2023-04-03,357.04998779296875,363.0,357.04998779296875,361.6499938964844,361.6499938964844,130818
2023-04-05,361.0,370.3500061035156,361.0,367.04998779296875,367.04998779296875,169687
2023-04-06,364.8500061035156,384.0,364.3500061035156,382.8999938964844,382.8999938964844,309121
2023-04-10,383.20001220703125,407.70001220703125,383.20001220703125,405.29998779296875,405.29998779296875,651285
2023-04-11,407.0,410.8999938964844,401.45001220703125,405.29998779296875,405.29998779296875,182351
2023-04-12,403.45001220703125,413.3500061035156,403.45001220703125,406.6499938964844,406.6499938964844,222037
2023-04-13,405.20001220703125,415.6499938964844,405.20001220703125,413.5,413.5,259974
2023-04-17,413.5,419.5,411.3999938964844,415.3500061035156,415.3500061035156,193510
2023-04-18,419.25,426.75,415.8999938964844,423.95001220703125,423.95001220703125,339474
2023-04-19,422.1499938964844,424.29998779296875,418.8999938964844,421.5,421.5,122252
2023-04-20,421.5,425.04998779296875,412.6000061035156,414.25,414.25,124879
2023-04-21,413.3999938964844,414.3999938964844,402.0,405.8500061035156,405.8500061035156,276099
2023-04-24,407.1000061035156,411.6499938964844,403.3999938964844,411.1000061035156,411.1000061035156,60135
2023-04-25,410.79998779296875,415.79998779296875,408.04998779296875,410.6000061035156,410.6000061035156,69556
2023-04-26,408.75,417.6499938964844,408.75,416.3500061035156,416.3500061035156,152886
2023-04-27,415.1000061035156,423.29998779296875,415.1000061035156,421.8999938964844,421.8999938964844,458620
2023-04-28,420.54998779296875,428.79998779296875,420.0,425.04998779296875,425.04998779296875,604955
2023-05-02,425.1000061035156,427.6000061035156,421.3500061035156,424.5,424.5,90596
2023-05-03,415.1499938964844,434.20001220703125,415.1499938964844,427.6000061035156,427.6000061035156,238777
2023-05-04,425.29998779296875,428.6499938964844,422.79998779296875,424.79998779296875,424.79998779296875,107392
2023-05-05,424.79998779296875,433.45001220703125,423.5,427.0,427.0,204466
2023-05-08,427.04998779296875,440.1000061035156,427.04998779296875,435.45001220703125,435.45001220703125,821153
2023-05-09,432.25,438.3999938964844,426.75,431.8500061035156,431.8500061035156,87968
2023-05-10,430.0,435.79998779296875,427.8500061035156,434.6000061035156,434.6000061035156,272770
2023-05-11,434.95001220703125,439.1000061035156,430.04998779296875,432.54998779296875,432.54998779296875,189395
2023-05-12,431.45001220703125,437.0,430.04998779296875,435.8999938964844,435.8999938964844,113137
2023-05-15,442.0,475.6000061035156,440.25,468.29998779296875,468.29998779296875,958869
2023-05-16,475.04998779296875,478.54998779296875,469.8999938964844,471.6499938964844,471.6499938964844,542716
2023-05-17,468.6000061035156,472.95001220703125,461.54998779296875,469.70001220703125,469.70001220703125,186378
2023-05-19,459.25,473.0,453.5,472.1499938964844,472.1499938964844,357012
2023-05-22,470.54998779296875,481.0,469.3999938964844,478.04998779296875,478.04998779296875,268025
2023-05-23,481.3500061035156,481.3500061035156,465.79998779296875,467.79998779296875,467.79998779296875,146832
2023-05-24,467.79998779296875,470.0,462.5,465.79998779296875,465.79998779296875,65030
2023-05-25,466.0,479.75,464.5,477.20001220703125,477.20001220703125,313147
2023-05-26,474.04998779296875,484.3999938964844,471.54998779296875,478.20001220703125,478.20001220703125,165699
2023-05-30,481.3999938964844,481.3999938964844,473.45001220703125,474.6499938964844,474.6499938964844,145096
2023-05-31,474.6499938964844,476.95001220703125,468.0,474.75,474.75,167788
